7291
8028
1580
3931
6440
8407
7023
5188
9147
3943
4158
3614
8909
3863
5166
7040
9344
9444
4032
3404
6034
7848
9733
6073
7643
1564
5395
8545
4052
1747
1781
2513
4716
4359
683
4735
9711
2007
3122
7999
3443
3655
6720
2085
1490
1004
4632
3280
4250
9852
6970
2205
2309
5361
2147
2523
4220
3008
862
4156
2122
4722
8098
2823
9376
6268
6285
7336
9645
1736
8817
679
5887
5793
9102
1225
6796
5638
7481
1362
9860
6145
6773
4101
4597
5540
458
7107
5450
149
257
650
5034
237
1588
6580
562
2768
5891
1577
8857
2619
5827
3953
9357
3306
6866
2340
552
2172
6620
5954
868
9588
1642
9147
4037
8561
2687
5962
4983
1814
5858
6453
9201
7318
8620
6168
9182
8565
5665
2442
6189
698
7471
5232
3939
2576
765
3002
629
2079
8076
269
2586
8579
678
3986
7089
3047
3722
6411
7692
4692
5187
3718
1654
3133
1582
8478
2644
8482
1875
4230
5145
7982
5761
4466
1713
9152
4984
5802
2331
3540
7550
1310
3075
3370
5275
3458
4139
3046
6975
1752
2491
6511
8912
1343
4496
7319
6601
7733
588
1815
7461
524
6241
2650
276
3212
1497
7415
5550
8441
7382
2133
7500
6517
3137
415
4174
6345
5306
372
6531
1182
830
4529
4888
8919
3575
2126
6784
5139
2311
2654
2269
6654
8568
7812
7615
5782
3367
8893
1000
3987
2222
5195
1299
8057
5177
5880
4753
6605
6393
1933
2876
2647
8825
3328
1404
5563
7493
4450
9038
1785
813
266
3665
2470
1264
6712
7403
8882
1737
2670
4063
2633
7772
7958
4996
6688
3025
5716
4436
3784
5826
8412
1419
6591
2909
1849
5497
5553
7044
8798
4343
3684
5646
5045
1981
7739
9386
8693
3385
7984
7324
2575
9028
1799
7302
1747
2488
4582
9463
9300
4031
2297
2555
7957
1285
8776
4718
9260
5207
5261
7528
6581
1066
1538
8209
497
8629
737
9180
9959
6267
7311
4150
5466
4316
4714
8062
2487
3374
840
3720
4957
3474
2506
9560
1538
2118
6368
5219
5946
5235
3497
6756
147
8092
4165
9182
9045
4888
2671
5311
1664
7514
4621
8100
4513
5838
7099
3768
7156
1955
5804
8410
9175
2331
4658
1806
8466
4579
4494
8043
5277
6910
1026
4364
5515
6124
8458
8696
3035
8527
7266
8498
1554
8446
1907
7202
4388
6288
5397
3388
9938
7296
5493
2589
6760
8105
2514
6551
4456
9381
7497
3772
2919
8566
7338
7956
4235
4738
9092
5028
6654
8858
7849
1441
7799
5942
4335
5447
242
5375
5664
5614
3576
6790
5232
2536
2117
2960
5471
8254
2024
6294
6447
5577
4848
2637
4299
5500
5436
8354
520
3086
235
8480
3251
8554
7782
2145
7115
5242
6553
541
376
1862
5887
4114
2482
5896
1418
2821
1542
5219
4405
5684
8635
4206
2780
6674
6335
2404
2434
2830
642
3451
6573
4914
3745
7898
5525
377
2818
3779
6787
5098
8323
7606
8021
2974
3167
6829
413
9872
6642
1054
4088
6822
9836
3584
5762
3321
247
7199
3405
3767
2540
5488
4317
3161
4983
7612
6230
628
1707
5527
1202
7743
4817
1994
6993
7729
3527
8487
5306
2746
3483
576
4825
5683
4943
3934
3075
2615
4639
8128
4416
2185
7815
4569
5277
8546
4477
942
338
9314
6563
3245
2918
2621
9729
279
715
2090
5545
6467
3064
5695
3411
2496
1385
4553
7859
6276
8577
7461
7187
1821
8199
1966
5723
6576
8923
9411
9795
7830
5466
3282
1809
1499
6108
1873
2888
3898
4963
8764
4255
1869
5007
9945
7111
3841
8376
659
5047
2734
8185
8227
2947
8362
5252
6279
3665
9803
4100
4052
1030
1969
3610
7428
6887
7088
3132
1328
9999
8876
4184
3912
2848
8426
2690
3951
9761
275
2178
8423
9360
7006
4364
1803
8355
1058
2326
4522
141
3924
3013
2462
3951
6305
4791
5701
9759
6935
3907
2101
2969
904
2250
8202
9406
7500
1199
258
6164
4584
8404
6627
7901
6397
4616
9908
1939
5867
2206
9517
1571
7567
8065
7708
7228
6402
2710
8704
5637
525
1000
4388
1331
6493
5371
9145
5761
7649
6571
2174
183
4107
1705
2973
3804
8008
5377
9991
1116
3957
8015
5327
183
6445
6181
9260
5587
7537
4610
9845
2329
6700
9778
1040
8546
1123
4966
7832
3278
2338
310
8346
588
6374
1578
8057
4006
9361
1213
2341
210
7897
350
6305
6493
2166
8100
4848
160
3276
880
6976
4971
5004
9079
2737
7505
4242
8569
8336
9900
3223
4859
8188
1014
2689
5656
9436
7802
622
4757
5545
2744
4110
1769
2290
1201
6931
5634
8962
6569
2419
6140
8329
6794
9007
1494
4310
671
3738
6676
1744
5352
5186
3170
2636
8678
7183
2075
4411
8488
9114
3502
7623
334
6081
2002
1538
6240
6047
5344
7707
5030
3863
8562
9611
7469
5468
8323
6592
6367
3355
4942
1707
8832
9046
1246
9057
1865
7991
3589
8323
2415
8885
1195
4110
5648
9178
2161
7573
6032
8108
2475
221
3965
6211
5118
113
236
1379
3355
1139
6941
8591
9955
230
8857
3015
8031
686
7653
5247
3609
5929
6586
6609
9091
3242
8914
8161
1931
540
7114
6089
1554
188
9272
4782
532
5848
2336
7717
9740
5134
6011
1729
6044
7251
6996
6033
3339
4992
5474
4515
8648
8168
2724
4465
3065
561
4634
5139
5381
9888
9012
8932
191
4804
5648
3344
7787
2115
9461
5968
7005
1420
7869
2632
6319
5032
1153
9137
7879
5287
1357
9158
1986
8554
8342
2154
9537
6512
161
5539
6590
7741
2507
2549
6963
8840
3274
8542
3208
4697
4657
256
7659
962
1944
4658
8000
2036
3935
6946
4862
1365
4008
7965
3292
9697
2960
5043
9423
124
4342
2768
9612
9620
2915
8687
7209
4005
3441
8386
6472
3005
9301
8583
8835
8104
7577
2214
8758
7172
9159
7098
6654
7390
2078
7943
368
8659
9928
5819
6425
430
5268
8401
2785
1833
9628
6993
2795
4142
2315
2057
918
5652
9620
7455
5719
1854
8837
6871
1600
1788
5740
8225
8842
990
8286
4205
8921
1273
1961
6786
6965
3131
9819
1275
5077
8235
7008
4106
8313
7230
6022
1291
1856
7862
6687
4033
1582
6831
6648
8413
4673
434
2537
7807
4315
8908
8702
7064
1577
3396
8558
3332
9546
6382
5776
2775
874
8715
1087
3888
3341
4098
8618
1250
4747
7637
6249
6885
2036
4196
3025
938
4957
8788
4288
6108
4673
4941
1173
8192
1923
1746
5910
1281
4091
8362
8777
1228
8103
9252
6932
1966
1580
4094
8120
5501
5820
6418
7599
9049
4717
249
5184
5723
2348
2259
9746
5774
1498
8824
4821
5681
9594
2731
6275
6332
4565
448
3430
8474
5860
9689
3427
6205
3308
2767
1964
4830
6441
2253
9481
7320
2582
5775
1306
2989
1166
160
5012
8993
1070
2185
4437
377
2950
7367
2320
7256
621
305
5280
2966
2951
4589
4910
9484
4868
2948
6973
9759
4137
9856
5280
8314
1353
3249
1344
8268
155
3731
4352
3640
5309
4526
2982
8855
8073
5138
7399
4272
2912
1002
4206
9496
5312
1047
7675
8820
3498
8584
6926
5854
9915
213
1995
3159
9504
1818
2120
1084
4899
2101
2452
471
5402
9291
6224
9314
7527
8164
8459
3466
8959
3420
7600
3297
4994
3580
1048
7082
4494
6110
1462
3370
8754
5649
6599
2101
7583
1229
6648
7243
7513
3273
1636
4085
2522
7992
7316
7015
3047
2294
3803
4206
4925
7164
4755
1791
3296
2218
2419
3386
6977
8946
4698
2154
7006
319
2768
611
2101
8781
6325
7052
3444
569
835
6744
3145
5680
8115
5491
9821
1569
5424
1448
8224
9648
6527
8282
323
910
1161
9438
5267
2707
4902
1197
3259
1042
688
2142
8186
2519
6293
7455
9857
3448
1174
5896
5887
7972
5100
7092
9036
785
202
3764
4546
111
8914
2482
7678
7292
301
4262
9597
6605
914
5038
5288
3405
2311
3362
5844
4888
1745
5920
4518
1846
3904
4544
5362
8498
7867
5232
6602
7670
3829
8091
6553
8049
4508
5038
6851
7677
4181
5870
7555
8618
3375
2447
1161
2003
4943
2350
9914
2577
7156
7614
9996
6999
9610
9658
6891
6463
4049
5987
5517
3932
5424
8514
4261
8145
7281
6789
4467
5022
1256
8334
7720
3997
9384
8378
7371
5217
2208
6542
5906
3249
5235
2363
6611
1628
5850
1207
7505
5064
1691
4088
2504
4147
7827
8454
2365
5034
9054
6721
1128
7141
5292
4749
9650
5638
2744
9072
7789
9873
8545
3429
6106
5753
6174
1219
9612
2225
1252
2521
3829
2593
9675
3143
1982
3510
8078
6878
8384
7854
4491
6382
5022
1314
5380
9498
5491
1547
9922
9861
3616
5252
7920
6913
4365
8901
3104
4594
7116
1986
3345
9522
5286
5444
6199
8966
3145
7607
7137
1267
4668
6502
8463
4719
6120
5159
4894
107
4084
9706
5737
2193
4125
3474
5135
1768
9024
2986
8828
8416
6200
4759
2419
5997
9399
656
1643
6629
9262
7366
4675
4588
1623
7788
3136
2803
2210
2674
3166
5096
2210
4982
6273
2059
3116
6337
7292
6528
3077
2828
3314
8928
1733
8523
9641
7001
8795
1334
3978
1821
7199
4852
6762
1720
3029
5276
1399
8151
2334
7446
6109
4588
3916
2050
5035
1402
4879
4821
1399
1550
7173
3799
9940
1637
2114
7380
4331
8557
3730
5993
7377
1470
1402
4693
2345
4877
6761
9858
8587
3855
4619
4974
1218
7107
7320
4899
2554
1321
2316
6709
2373
9189
5149
9701
4819
5841
3261
6191
1136
2286
3443
2096
9992
4517
6165
9459
1915
9050
3659
6166
5136
1794
2497
9022
5349
5510
9244
5305
7070
5390
1437
1347
2614
4943
3041
1085
5601
5475
3338
9015
6369
4452
2135
5363
7237
9496
7605
9119
9724
1866
7596
8946
9103
4005
1059
2689
2299
2996
1378
4952
5456
7552
3169
5171
6457
9157
5881
6960
7933
2282
8634
6275
6687
2082
2217
4185
2893
4165
5088
5609
5219
7729
4099
3969
6335
3897
8571
8269
6782
7364
7565
3108
6709
5704
4604
7182
6052
7148
7196
8627
4626
5949
5709
6328
2699
1452
6860
9269
9967
1622
8527
9410
4448
2218
5300
1414
9177
1556
7858
4055
5940
4507
4634
2326
1989
7889
1451
2825
2121
7958
4764
3253
2866
4154
1463
4807
6288
8084
7182
1799
2746
4318
1464
1096
3341
9432
5747
2807
8510
5018
8023
6168
4898
9070
4200
2207
9637
2844
2303
1875
5174
4442
5423
2563
8907
2269
6880
3100
5224
8727
1210
3060
3319
4333
7051
2891
6030
9883
7958
3272
3019
1770
8634
9460
7225
4146
9918
3364
8343
9143
2503
112
5264
1011
3133
1423
6729
4535
5414
5480
8621
4486
818
2647
2671
6977
8630
6909
7914
9260
3143
3305
7771
3532
4462
6616
4067
859
9796
4848
6237
2463
1372
2843
7356
9122
5829
2487
956
5674
2716
3116
1597
6604
9436
6643
3759
9206
1815
5015
145
6833
6496
1948
7894
2450
8715
7872
3870
9850
8273
4511
3592
6628
4942
9683
6977
4163
4634
3811
8395
2448
344
3904
5920
5397
9668
7141
5425
2201
6885
9152
3534
6255
7152
3896
6998
2370
7350
5254
6454
7120
4623
1693
4421
2096
8504
984
4833
3015
2736
7721
4720
7240
635
8047
1236
3074
1913
3484
734
5621
9310
6477
7654
604
5002
7835
107
8147
1346
9346
3333
4980
6771
3326
7296
9548
9626
9255
6251
6772
6158
9336
4133
9649
8718
9083
8008
2409
1936
8588
7653
8745
5540
858
1058
9933
6951
6830
3171
2883
7187
5122
6145
4870
7726
5436
5627
9650
8579
6772
5150
9084
1067
1436
2219
7701
7939
1031
3077
5917
8725
9385
3260
7541
3793
4013
9258
5583
4495
3211
9435
5230
4706
1827
9913
7703
6917
6182
7276
5247
3607
850
2597
5544
8009
2984
9530
6930
6546
6821
3941
7407
5751
1212
7856
7461
1259
9130
9583
6489
7771
2098
7377
3074
8315
7641
9976
2492
5238
3590
9666
6939
5898
3198
1736
9956
2879
3696
1474
3580
3915
2916
1420
7587
1746
8027
6841
7227
6796
6803
1783
3103
3946
8777
9925
4525
1447
5668
9929
8089
8494
9161
3129
6876
7629
5084
2491
5333
7516
9306
1536
4296
4020
2665
5093
2393
2273
1601
9954
6975
2416
2146
5318
6129
3786
9285
1515
1042
6077
3125
9446
7766
4815
4189
2548
9889
1272
2738
6204
4274
8418
156
4713
8438
2388
3317
6636
1214
1447
2032
5673
3082
4448
1550
3934
2803
1264
7117
3054
6352
7828
1174
3553
6995
3328
3817
7198
3388
9080
2158
4190
5409
2235
837
1786
8553
8106
3228
9215
7116
5069
3316
6294
5877
5681
4154
5052
3832
8561
3000
1027
8448
1047
2231
4004
4044
4826
6458
144
8494
2961
8355
8493
8207
8622
515
2663
5552
1455
8896
2423
3253
4258
4647
1279
6398
3732
8614
455
4432
1764
2199
2238
6979
9538
7581
6680
3342
4153
5021
7414
9093
4452
3458
6043
5190
8048
9783
3404
6765
1963
2123
1834
4631
5617
3613
8366
2080
7815
8010
8407
2000
3001
7223
8300
4939
1382
2977
9206
2408
3531
3883
9888
1858
9535
7061
6387
4532
9753
7838
7105
3603
2123
8630
3306
7956
6558
2640
1653
4097
5249
2888
8655
5974
7415
6016
550
9197
3827
7544
4015
149
753
934
4775
3736
2420
3019
9281
7173
7919
6920
5175
6309
4295
8046
2487
9375
1121
9057
4477
4898
7810
4020
1373
3480
9501
6176
4592
8482
6931
3016
9329
3189
7754
9209
2192
3930
4853
1465
728
8586
9088
7521
7575
3562
5455
2482
2496
1693
3719
1803
388
2003
8614
9698
5465
7287
3219
2268
6990
8436
8321
7185
4972
7587
6430
6197
7793
8744
8020
8973
6122
9506
9265
6912
1667
8896
4227
6070
8457
8360
1534
7877
2026
6688
5959
5244
6551
4508
2028
9745
1582
2032
5728
7090
9563
9091
4399
7648
8527
8323
552
9412
3131
2566
9163
7053
5494
1255
6407
3263
3414
7036
5218
7588
5557
1629
6247
5781
6819
1299
2099
7804
5811
4894
6096
2407
7118
3516
2744
6002
2128
1207
9473
2889
8246
2876
7674
4028
3007
7467
2669
6327
3693
665
721
2210
3189
132
8968
9928
9164
388
8839
2514
5166
9168
1338
8296
4262
757
8358
8807
302
3932
8661
6258
6619
8491
7781
566
5976
9810
7782
3963
6324
5952
3958
7585
2392
3288
2174
4473
7406
6477
8859
8843
2877
2311
2427
7123
8220
4750
6760
2394
3569
965
952
1605
2934
1955
6863
7752
5673
6303
4167
8658
7990
4000
3256
8072
8320
6037
2665
7929
6909
7717
1304
9625
8322
2515
7321
3135
6347
9798
2555
7506
1809
4017
5820
5122
6739
2027
3193
9411
2558
4226
1730
2685
9514
8638
6200
1211
9183
5546
9788
4071
767
1077
3621
7577
4025
5719
9726
7843
1917
784
9755
2784
5890
2851
4526
8402
952
6696
9160
6333
7230
4582
9970
4041
879
301
1724
2082
2280
3217
8703
3347
2131
6264
3536
1105
2082
6966
7491
6974
355
2831
7010
8573
9836
1707
9917
4157
7597
3879
9350
979
8658
8386
9681
741
5980
2719
3061
1248
2507
5169
4429
5137
6593
3290
5506
5371
2515
9509
2399
491
8943
3364
2041
5612
4187
3819
9153
2758
2414
360
5302
4050
1354
5842
3748
2513
6586
1832
9453
9199
7411
3477
6329
243
9142
9571
4476
4311
3429
4751
1086
1102
8770
2614
9441
7439
3061
6661
4920
5415
9541
4331
4665
5805
9008
4447
933
3340
8251
1736
184
482
1887
6814
7458
2909
4887
1990
9267
6562
4648
8341
8383
5477
9535
7558
2545
2056
511
7523
7613
5376
5469
2014
7820
9009
6638
4683
1773
2631
2904
4683
7830
1352
1457
2642
9642
3533
1325
1526
7916
2854
5751
3567
4312
7536
7512
5450
209
1785
9168
2033
3429
9982
5294
1695
7980
4590
3277
1591
2899
5407
780
6399
9881
6378
4304
3854
4607
8734
7650
1739
4394
2197
4166
9241
3543
6189
3804
9333
8087
1470
781
8113
1169
1809
5183
6139
2564
9187
9614
2663
7191
1400
1576
6564
7782
5926
7148
7613
2951
816
8075
4964
6617
2707
6491
6573
3333
2362
4899
4778
6733
5065
5888
2183
1253
502
5567
8291
5868
4364
2056
1257
4421
1743
8789
2763
8329
1790
3181
8541
1197
8266
1440
4371
9416
7549
3954
2683
5865
3296
1666
5067
5420
5646
8389
4161
6881
1092
8976
7888
5865
9221
7573
8035
1809
8767
4393
6794
6016
1219
5734
8891
1758
6084
7466
4495
149
7383
8832
8956
1955
7959
9639
5717
3959
2239
8895
2851
5819
8216
8859
3286
1806
8891
4279
4993
4696
3787
1352
806
4413
3363
9488
2723
5529
3905
5253
5711
5087
5017
3812
7248
7990
5417
7092
9524
2342
7910
9869
9927
4168
490
5454
3298
925
4302
6902
8435
5843
6748
7367
3681
2825
2003
3753
3006
1456
7396
5246
9677
4937
3319
6501
9567
6531
4238
3804
8494
4298
7419
6119
1900
2954
6848
5823
6741
9237
5362
5722
1103
7579
1240
7929
5832
7628
9152
1044
1976
967
1019
5901
8369
4345
1699
927
4479
7170
2256
7642
6991
1733
1743
953
337
8808
3465
6954
6153
8489
779
4676
2501
4995
1196
9404
4931
1383
1829
2132
3318
7481
3743
5437
4582
5489
6853
5424
2091
2694
2488
5975
5692
3502
321
4648
6551
7798
5936
5277
4075
1328
5614
3840
7964
7346
3441
7783
8300
2744
9789
4551
7609
1362
4664
3013
9742
1307
2043
8798
8185
6325
9175
5704
667
7586
6492
2052
2566
297
2811
5808
8294
2707
5006
7752
5059
7543
5345
1180
493
1007
6834
3435
3773
1311
6149
8536
7150
6186
6121
9569
310
8699
2549
4505
4841
6249
8354
8254
3751
815
4183
9295
6786
7639
6015
6402
2445
8766
1122
2409
9056
8088
287
4735
3580
6019
7825
5193
5897
9779
181
672
451
4461
4922
6915
9528
4555
7945
3101
9715
7568
5916
2288
2938
9556
7220
2567
6285
1241
929
1373
8130
169
3416
4027
4457
8842
985
7272
8963
2704
993
3410
7471
5000
6206
5375
9680
7887
4894
3586
5145
6372
3226
9250
2233
183
3662
2718
5245
5247
4083
7580
5514
118
9061
8101
6834
9554
7349
1726
4347
4239
167
1726
3857
7710
9088
5295
1392
7152
7808
3850
9558
1204
9444
1969
8416
6247
1683
5728
6061
3916
6318
4952
3067
7983
1356
5845
5147
8923
2428
7220
411
1889
3063
8499
3574
1115
1251
4262
2173
1583
1649
983
2506
5304
8202
1221
3609
4919
2104
2316
1450
4527
8474
8980
142
4110
3244
801
3994
7882
1333
2906
7930
5462
4207
6349
7386
5913
8090
651
3995
6001
3589
8979
8414
2929
680
6295
6521
5661
167
6820
7019
6820
4004
600
4817
2079
5198
7767
1437
780
6639
3073
5220
4310
6170
835
5896
6734
9087
8829
597
8231
6313
4361
3502
2923
5279
7444
3819
6885
8896
3536
2791
5722
4543
7716
6559
2177
207
2339
6109
2158
4222
5626
658
1364
3638
1817
7373
9624
3612
4651
752
1110
1584
3204
6305
9800
1976
1659
2131
9702
8923
2529
7786
2691
3212
6817
6553
2010
1771
5935
8026
7510
7844
6326
3823
3861
1993
731
435
1187
3138
6386
2872
4196
7577
8385
6290
5561
2331
1736
830
6927
2186
9755
5090
2625
3380
1319
6500
6596
6783
3268
2222
8998
5658
8147
877
6278
8242
1864
6878
8999
5438
2803
2617
5691
5563
5555
8964
3585
9760
2988
1069
4926
3364
8458
9484
6555
5224
7883
8034
6318
1728
4280
2626
2473
7237
1679
7777
7857
3011
5207
5523
5568
1128
6224
1473
8565
7421
9405
7341
8883
7891
2155
4695
2831
3124
1612
9205
6224
7820
4933
8105
4760
6269
5895
6928
2211
9286
3510
6971
8783
5090
4169
7488
7235
9871
1485
4454
9686
7369
5709
8878
1458
9113
4221
6754
3418
7860
4130
1297
1991
7855
6873
1058
7225
9743
2944
2859
5735
7523
7585
4252
3157
4494
7182
7818
2920
4714
6026
1423
6724
9274
3134
5741
3576
3942
8668
6210
9944
7226
6250
6592
9345
2039
2596
2626
4106
8372
7932
4477
2894
4769
1157
2660
4731
5048
7269
5054
8930
2194
2684
4560
7258
3514
7072
8516
8733
4149
1291
6380
5176
7413
3482
7578
7277
1783
1855
2764
6325
6661
5356
1776
7790
7137
5784
6573
741
7377
489
238
5041
8482
4936
8785
5014
3673
6248
9300
4643
4575
4499
4703
4674
1229
2890
2044
3974
8566
5750
4908
9776
7522
2211
8641
9837
3760
402
1052
6340
4640
8886
7140
7278
4151
4481
4737
5258
5341
4469
2067
4448
6585
130
2210
474
5911
7587
5621
1167
7000
9136
425
8582
4818
3777
6032
5875
2867
7932
4505
5559
8612
7317
2631
2013
6561
6066
8168
6970
6144
2289
2123
4804
5503
3894
2841
8575
4646
8173
9911
7975
6532
6432
7165
4112
3466
6378
2610
1234
6595
7140
5801
1354
9973
2478
3889
1898
6260
1591
7634
1999
6699
4070
3055
1255
7373
9407
4442
1293
5182
898
1918
3268
4946
1207
7693
6633
1512
2689
6720
9168
5173
8395
4456
8174
4875
3258
4597
1703
3225
2478
8114
2141
2989
8166
7163
3332
1343
4924
8337
8217
851
6190
4862
5613
9431
7245
3450
6951
7793
5797
2772
2936
7862
3934
3954
5312
4909
5077
2511
7040
4350
4303
5017
1788
4201
8508
4032
5144
4852
5333
8442
3057
5404
5599
5792
8949
1623
5695
2191
7106
4979
4476
4701
4328
319
7633
1936
677
4119
7250
9397
5331
7387
3527
427
149
5870
4258
8737
664
1324
9438
7680
3236
8120
7811
8092
1552
6704
3338
1124
7617
1548
2778
5457
2459
5539
6131
1216
8209
5334
9367
9094
4821
8164
3814
2772
2246
1581
1560
1056
2567
4691
2590
3300
6785
9286
9264
1366
6606
1875
2269
5075
1304
5936
7132
6857
6923
2997
6920
1036
7993
1412
4476
5790
5734
5703
3670
5700
6509
3890
2703
3480
3109
8197
9476
3525
9484
1734
7286
6393
4541
5747
8697
7042
7522
7931
2118
916
6692
5300
5503
4942
5152
2651
6758
133
1110
2642
5984
7972
8404
8255
2188
5426
4128
8541
501
4426
8620
1164
4867
9837
2726
7183
8745
3284
6401
6014
9595
7525
238
8326
3371
1964
4075
8278
9314
3607
5572
9552
6185
4179
4211
5456
9557
5062
272
2400
7594
5982
162
9525
6750
4450
5030
7437
3197
7719
2198
3751
9764
8391
313
6470
7512
5277
5591
1687
4223
9679
5839
4076
8521
9845
2355
6974
123
4968
5981
4873
3700
9348
5009
345
3546
6426
6219
4489
5322
7660
5680
7715
2949
8054
7607
1981
3619
4989
7625
2797
4754
5052
5221
2783
4788
8625
3291
349
2082
2107
8358
4789
7621
2550
5627
1916
9230
5844
6408
7228
4705
1895
2866
7869
4465
2156
7738
6643
8140
3777
8016
2903
1597
5574
8348
4993
2436
7650
2788
6407
1834
3804
1850
2976
9309
6915
6764
4985
9109
3745
5952
5229
9621
3608
9159
7134
9940
2086
8118
7106
437
2876
3373
8440
6183
7517
3066
4437
5532
6931
6188
7048
5371
3921
5521
7110
6433
3655
2478
8083
1786
5352
1061
3161
1430
907
6936
8950
8413
8687
9873
5713
4436
8864
8576
7084
2374
2573
8648
7074
3504
2383
2858
8458
6153
1928
8942
1846
6132
4013
2507
3254
1575
6140
1060
3018
3355
3258
2714
2909
7146
2978
6967
4733
8699
8411
1421
6800
5142
6768
9298
7559
2135
1261
5186
7923
5188
4448
8405
3391
265
8663
4748
3916
7734
9004
9609
6712
1737
9643
4358
8394
4965
1976
5662
4811
7977
7867
9745
9140
1678
1065
6408
7789
1634
3034
2482
3253
8543
8455
6956
8353
6111
1056
4397
7207
3949
9301
1611
2854
5167
8221
2401
7875
9042
7554
1127
4980
2356
7518
5009
7563
1678
5831
6834
3028
7900
1855
6515
4467
7455
3694
7032
8457
5318
4393
3893
5354
1750
7610
2113
7819
9627
8597
3781
8843
9505
9254
6354
3229
2636
2824
417
5945
5339
3159
9016
7590
6878
418
1162
8787
1439
2665
1291
8028
4247
3741
5995
3472
7120
555
2511
2325
7013
5035
8978
4031
6866
8271
538
6909
1211
9786
3771
6846
9069
2169
6775
5804
4868
1974
9582
2328
3962
7387
5470
2049
3883
8634
3900
4324
3378
6108
2408
1929
4098
1892
964
5658
3423
5018
3319
5364
1845
5333
1625
7995
898
5100
6336
4080
5824
4366
1827
8587
3583
1375
7894
2230
7026
4134
3222
4017
778
9955
7790
5628
9101
5474
3852
7470
4611
6057
1863
8067
8320
1174
9989
6046
2098
5233
4746
7607
3173
4429
7839
4657
7321
2659
1648
5394
1889
2686
1145
8500
7233
9842
9315
6471
410
3933
1644
6592
1109
1573
6380
7034
4523
1454
7733
2936
1218
3020
1783
4916
5452
1671
4236
8206
4255
9098
6123
5708
1922
7140
2141
9969
7170
1768
5220
2938
5070
2375
9605
5007
6210
8397
7932
3950
4168
4275
1382
4333
4557
7740
6069
3644
1323
1861
7025
1902
7259
7507
4490
6928
7283
5440
8885
7564
9018
7041
2066
6312
2974
6596
6606
2536
5577
9446
1267
8651
3159
1728
8240
9623
4669
6361
5989
9675
5253
2078
5575
2640
8879
2706
3374
7938
5193
8837
9694
8902
7321
4007
2562
3094
6233
5327
1806
4577
1434
9375
7121
9802
1101
5574
3671
8052
1855
4506
9800
2048
2412
2640
1072
5656
3349
1983
6853
7324
8490
6929
7492
5727
6648
9341
8924
8828
5669
7627
4652
2258
9964
5746
3114
1490
7826
4584
3426
2659
1976
3264
5085
2889
6267
4560
9985
7985
6527
6910
9922
7968
7104
8146
710
4844
6031
552
9828
3953
2509
1757
4654
5470
9658
1312
5167
8596
812
3956
6534
4831
1881
6956
5587
8577
6930
512
879
8393
2732
8060
4844
8462
3912
8269
3114
2344
2936
7644
4397
5369
3347
3130
5807
9435
4175
7593
1818
5177
3594
9007
6244
6341
2915
5642
8673
7593
8966
3705
7948
4180
2580
9876
7163
1836
3391
8267
9441
6436
6938
5977
2607
9801
236
3551
2241
4833
4550
2307
6536
8443
1502
3885
9620
7819
3388
3580
4416
9311
2840
6882
4242
6858
5424
4449
806
9420
4231
8189
7981
5795
9603
4576
3644
7329
7982
6888
5475
7864
9827
9089
3859
5762
6895
2591
9027
1674
4211
7100
3276
4872
3989
4968
7620
875
7807
6083
5530
1666
7186
2977
642
9100
3031
7728
7625
3548
1422
4196
7527
5799
9194
4975
5457
6567
4418
2887
1506
1150
9132
5540
5797
3767
9106
8191
3606
660
9641
9719
8739
6554
9530
9871
3273
149
2040
7599
2707
4169
1078
8579
6248
1935
4700
2091
1658
2119
1667
4276
111
7082
7113
4036
5497
8636
4882
2919
6235
7389
1298
6197
5527
7372
8683
7308
4600
8687
5709
6459
1524
1026
7641
8687
3989
9041
1790
2349
849
3501
5348
9544
8488
6758
4523
759
9877
3698
6794
1803
4158
8054
6687
5619
2017
9946
2201
801
7410
1444
3910
3650
9771
6525
5717
1297
6495
7470
6828
4321
4640
4706
1692
676
7302
2569
3346
2887
9551
5908
9314
2866
2406
2668
4557
5398
4869
1987
3548
7097
8974
2839
611
9256
4527
6694
1225
2988
9569
6223
5264
5300
5906
5167
7987
1787
9404
6217
5246
9153
7409
5833
2724
5531
6030
1365
2154
6438
6172
3645
4770
4624
335
7646
5214
1727
3357
8505
2601
6949
892
1427
2890
9336
2717
6879
4726
7685
5082
2462
9797
9064
2012
9331
6010
4563
8601
5662
5970
1890
7748
2512
1767
3084
7649
8679
7345
9852
2301
1554
2705
5495
5522
1416
6985
7357
636
9775
3182
6844
3471
857
8646
3027
5739
3381
683
1260
2715
312
8773
2829
6712
1755
1020
4845
8183
4413
6830
2833
8944
454
2169
7808
6178
4153
3546
4843
347
2166
3225
9715
137
2067
5161
3359
2125
7456
8620
4908
5147
7807
1391
1420
652
5511
2176
9685
6842
9968
8245
8215
8077
6704
5074
7633
4197
1022
4267
9034
8371
5800
556
4471
1643
9771
6124
2082
9674
7721
7557
2958
6135
9015
5200
9769
599
1727
1926
8460
4385
1879
8677
1070
1980
9844
9454
3036
4119
3195
2381
3581
2826
8407
7276
3199
709
8889
3426
8513
1821
4770
8848
2094
8003
1785
9904
8757
7493
6081
9777
5828
5894
3841
6342
5249
1274
6719
7520
7182
3824
4535
877
640
6573
6933
2001
5723
5332
2615
1944
8814
1053
1751
7586
5996
7475
2889
5426
9923
5672
7685
8885
5286
5067
1938
7802
2896
9792
2413
8016
6615
454
5695
1877
4061
3725
9154
1405
2527
4333
4261
9590
6142
2535
3725
6779
3694
4035
6685
8186
6044
666
2320
4757
1509
5102
1919
5109
4996
1979
3366
945
2343
1601
4961
180
3660
797
8348
8163
6162
5246
5727
1806
5205
7726
1854
9342
4805
1700
3666
9450
4413
2148
1722
9612
8451
1259
5859
784
4826
5975
4054
1663
7808
9673
9666
5672
1727
2352
9734
236
4899
4065
8990
9024
6990
9627
4979
5982
5256
2430
6976
125
4352
9307
2573
8860
9927
6525
7920
2573
6793
9154
7003
3577
5499
128
8833
2476
7855
7916
2618
6626
2677
9974
1611
5342
4333
1426
3287
729
2087
129
2677
1563
381
9311
7150
6800
2995
8006
3603
1014
8613
1492
7478
4694
2709
7802
9263
8105
2424
2345
4814
9809
6786
4077
7283
8545
1486
4272
9704
121
4469
946
4492
6886
799
8121
3514
2204
3602
7586
8773
2132
1223
3344
2295
9061
3019
9220
7199
5267
4022
6231
7343
7267
1058
137
9367
8544
6172
5825
330
6026
3658
7499
3433
7584
9461
1969
2174
2091
4146
902
8654
1333
2876
1295
9962
4991
3602
8699
8428
6431
6992
2177
7995
8465
9291
967
3403
9400
1618
4242
5624
6053
4304
4055
2691
5562
9995
5403
5945
622
2836
8593
4300
5115
5851
7361
2410
6791
5851
8950
1587
2901
2273
6249
4960
6566
5761
2439
2649
9758
1914
5931
9472
2158
1887
8009
7987
7491
6012
2763
3952
4870
7309
3118
7891
3365
5159
5383
5899
136
6064
4694
2304
9592
2160
2070
245
7749
6125
2785
9117
2881
2133
4201
4041
9748
8718
7451
5237
5932
4521
1964
5500
8456
2971
3883
5123
8059
5739
5351
9779
2736
3281
4954
2583
8515
4195
1179
7533
8806
5917
2289
8751
7434
5622
5649
6126
8042
5097
2377
3156
3488
1665
6458
6852
8064
7880
7763
5088
9691
1661
5196
9448
1991
501
4391
9382
6215
181
6479
3041
5076
2669
4051
7328
2850
2857
7906
8248
1752
3846
5036
8593
2557
3897
7986
6920
5888
3391
1489
8871
2782
6587
6276
2459
8771
9049
2856
8094
5285
1746
6517
9917
213
7205
7441
2393
6222
7318
1072
2722
6974
6131
5265
5935
2329
6421
8174
7499
8957
1133
7285
6272
1284
8268
1602
227
3715
3356
1160
3959
2689
2455
7410
1997
3134
5893
7931
6169
5726
4011
6171
2418
767
8625
3255
6241
9110
8284
1616
1423
1949
4473
8729
1141
1387
7788
7904
1830
1271
9718
5756
4986
260
3401
6206
1692
8686
8315
522
3866
7833
700
2836
860
1107
9910
5028
8239
5643
4400
4814
3779
3903
2871
4879
4562
7827
9990
7707
5439
2752
9470
5064
6962
6430
8081
7955
6506
6802
3297
1106
6415
4462
5515
3656
8576
7036
3685
8458
7938
5933
6125
1765
8286
1627
8227
8931
8932
8973
1927
5057
4235
3591
3033
5873
4058
7485
5408
5311
5085
1398
6367
8673
4308
393
7680
7172
1073
6071
5546
9053
5584
7014
7805
8665
3184
3709
2869
1283
178
4935
937
9637
5476
1264
1374
6778
9279
3991
337
8977
8631
2486
4347
8095
8561
7482
6166
6981
8680
2141
2261
3259
7822
4010
4297
6310
6894
936
5633
8673
9791
1297
9936
6963
2687
6404
8667
6975
2696
1195
7046
3074
4053
5983
3147
8150
9260
2869
8939
5360
4028
7185
6240
3558
1825
7783
8795
3365
473
7041
1867
2984
8774
1211
360
8287
5816
6468
837
4348
2456
4950
3601
3891
4154
4331
8456
2070
3217
4288
2108
7114
5012
6172
4888
1958
5547
1693
6329
7483
210
7055
789
141
7174
7839
9106
1187
1794
8605
9451
6237
2028
1865
1142
1636
9395
6624
573
8989
8599
3693
8030
3000
2089
1494
3533
8777
4865
3765
893
2134
2443
4171
4404
3647
3573
8872
5822
1128
3249
5426
9026
7990
3667
6429
8940
1612
8826
8412
9032
8645
878
6418
4243
5531
4556
6830
5202
417
6840
4424
8149
5253
1752
8469
1499
7167
7492
3148
3738
1666
1735
8052
1587
755
8100
2336
5962
8535
5359
1570
4007
5846
5065
1673
5469
852
9505
9542
8874
9790
3772
3704
2766
983
5951
4188
4715
2093
3089
6483
1981
3510
2467
2512
1285
6302
6855
8677
6011
5927
8705
500
4250
4970
6648
2037
7397
3713
8396
7700
7080
4662
8094
1894
9945
3687
1837
7948
9054
366
5160
6068
804
1502
9699
1343
2010
3356
4539
9456
2858
9218
6426
9330
6443
4217
4708
4398
4060
4799
6231
5385
7744
4001
620
5928
8675
1945
7894
7001
5938
4844
4120
7495
9662
1517
8155
2444
9344
6281
2315
3967
4907
4033
4731
4721
7837
791
4997
4572
8376
7437
366
4754
3571
5739
9180
1316
645
7214
8450
4486
9155
4255
4165
9549
6370
2175
8343
615
9084
2224
4926
8872
7169
9127
1749
5226
7351
6959
9934
6403
3681
5874
3273
4410
730
9251
8660
9771
2429
8078
2772
8903
5120
1034
1572
2915
7451
2355
1828
6191
1554
1618
2480
2434
634
6462
8524
6184
4800
5254
4468
385
7878
5486
9240
356
2954
8668
2397
8509
9112
5266
7470
3715
1147
1529
7980
9625
7799
4560
909
8274
9854
1794
4241
1610
1167
4165
1107
2988
6297
3087
1191
5580
7906
6308
1243
3397
1267
2765
561
8538
2689
307
9931
3617
6650
1473
9070
5200
7813
7592
4527
8291
2381
2449
7774
2775
1210
9833
916
1409
1647
5094
4195
6998
3092
3748
6175
544
813
8928
6819
8733
2559
725
4681
7932
4203
6972
1497
5153
4318
6219
4871
8533
9218
6411
7354
6507
3675
7649
7117
4230
6964
5412
4863
1139
236
1065
855
5674
2994
5474
270
4763
1595
8813
6241
275
2986
5175
7476
1377
4380
1914
7452
9177
5522
5492
1555
7104
9323
3437
1649
3075
6325
7196
7592
2291
6848
5026
6494
5331
3141
4869
7675
9782
5254
7874
2955
4213
1199
6431
2616
8892
5278
5475
2354
9620
2377
5767
1885
2958
9484
4687
5316
5370
9981
8655
3395
8016
3821
8962
2828
4502
7956
5669
9846
8394
416
6138
5777
2586
5781
4890
2940
8432
7557
6633
2608
4599
8782
1694
7120
1552
5784
7860
6403
5285
4001
4300
6740
1937
9782
2817
3522
9541
4767
7425
8545
1303
3135
5390
7254
3102
8482
9773
6497
2024
8342
7896
7464
9579
6255
8345
6977
8601
7121
6371
1673
1906
9403
6214
4356
2246
9481
9802
9135
2635
1555
7863
7593
3512
4659
1923
7991
4426
6746
1234
5167
6619
7509
9232
570
7676
9399
1154
7016
9881
4214
1976
7596
2577
5192
5395
5067
7708
2108
6403
7873
8668
4088
2553
6160
3732
7932
9793
1554
5201
8914
4032
4887
7398
2102
1446
1655
8220
4160
2019
1528
5917
8387
6735
7058
8197
4814
6884
9455
5251
6652
835
6623
7729
9295
5792
2723
5939
8875
148
9664
4658
1817
2161
7014
5778
3199
4509
4843
745
3714
4918
3578
4934
6266
7561
3419
2744
2573
5808
2632
1683
7365
9602
4412
3521
8209
3531
8067
1127
1021
6581
6413
2990
1459
2843
215
2192
395
2678
9855
175
3785
3628
9506
4671
4873
8431
1142
4939
917
3916
2610
762
4599
1683
6404
7988
4264
5140
8294
343
9714
597
4884
3531
9670
5077
8320
9953
8394
7878
1356
7874
7297
6512
3161
3266
9147
934
783
7632
869
4649
9570
4706
3541
1528
7869
4474
8812
2508
3785
6458
1650
5745
5803
3121
1641
6299
3877
7113
550
9826
4950
334
7920
6500
8104
9494
9250
8418
1863
1096
8881
1334
1391
6617
5367
5143
5643
5236
2720
9926
2682
9653
8326
2019
5088
7729
3464
3263
994
5396
4293
8500
9200
9064
3569
4741
2826
8087
7764
2816
536
9875
8710
754
4130
7462
2382
896
8978
1290
730
2282
7606
8970
4818
1710
3910
4247
265
7960
1961
2357
1627
5497
2455
4201
6195
2503
1852
5673
6688
2168
8449
4900
2789
1377
1765
7729
590
4949
1002
1603
9554
7806
1046
1803
957
4166
1481
4927
7823
9358
4351
4117
8269
5333
6373
178
9916
4868
6280
3448
4763
2057
1330
3811
6041
4133
8887
719
8655
3718
4779
2506
4211
9082
5966
4400
1937
1687
8093
2315
8192
3178
7274
4569
8240
6371
8416
8979
1499
2803
8960
532
7487
3806
6304
6225
2860
5309
2735
3428
2355
5739
9878
7623
6193
4534
9959
6625
603
1170
3352
9569
9299
6435
3479
7159
2780
6643
8848
3991
6660
4288
8738
6971
3423
3350
7869
4422
2798
8007
6712
3916
7870
3398
2407
4457
5707
716
3888
5017
7089
1651
9984
4828
8826
2297
2369
6878
2348
6640
5876
4379
5575
4401
6167
1330
9059
3944
6371
2479
8417
2447
485
918
5290
1995
9857
836
3755
4129
5403
2703
3034
6945
2602
582
8181
1139
3968
7759
5326
8489
4116
4942
4837
4762
6187
6338
2030
4185
329
7106
7458
8462
6911
6786
2501
1564
6367
3253
8981
1524
5989
5112
9899
1566
2458
1647
8144
7421
9354
5198
8856
9903
3741
6857
7830
4780
1060
2463
1882
2367
7347
5405
4265
5480
1957
2851
4348
5971
5716
5142
3034
9320
3473
6961
7877
6019
1486
4771
6870
5384
7600
5010
3041
9725
4059
7084
5992
2012
7296
9474
4055
3083
4630
8732
1952
8047
802
6555
6193
1739
4936
8272
9782
6416
4797
5125
5169
8412
7391
3646
7433
3680
8996
9296
1704
7885
5969
3030
2218
4423
7761
1491
2535
5193
3290
6573
5697
7565
7807
8735
8709
6484
5932
6562
3969
4448
2303
847
9152
2963
1111
7908
8973
6393
8449
1121
5160
7745
3715
7518
479
1548
1477
8396
6251
3637
8035
3881
3077
441
8169
3994
812
9496
7222
8697
2943
3452
1938
1255
7643
555
7617
4283
5767
454
9348
3773
5189
9069
5119
5532
7287
4771
2335
2981
9031
9052
3614
1813
9089
8153
1317
4755
9294
5346
2180
7314
8027
4493
9048
4221
6613
5914
1014
869
1463
7460
7530
1932
3052
1887
1348
1694
9068
359
6572
4132
5028
285
8758
4549
5156
8806
5099
5502
7197
4711
2305
2961
9011
9032
3594
1803
9069
8133
1307
4735
9274
5326
2160
7294
8007
4473
9028
4201
6593
5894
994
859
1443
7440
7500
1912
3032
1877
1338
1684
9048
349
6552
4112
2208
7063
7369
4875
3288
9769
4451
6734
7419
2780
8197
3536
9977
5929
4451
3265
7913
2447
5195
4909
3049
9535
2983
5936
4678
2439
863
2446
7966
6937
9645
5449
8986
8436
6515
3678
9240
6606
9219
2305
5019
3635
6406
8465
5112
8964
8870
1613
864
1676
7812
3663
1879
4517
2844
7079
4758
3804
5691
5554
4674
6502
7237
7632
5378
9018
6124
6651
2901
4243
6721
5188
2875
5869
3449
379
3513
4793
9052
2118
4268
5931
1309
5906
5208
5571
9621
6305
8063
7833
4534
2485
1859
5530
2940
7766
5131
1061
4704
8243
9950
5661
8695
6563
1923
7804
6689
5179
6808
3660
955
1427
8178
7699
3124
5125
5444
5146
9523
2645
3385
6535
6521
9434
2935
3500
8116
6246
6182
8019
8427
5001
3450
9366
4224
2543
3596
8883
5556
2783
8138
5851
4079
3892
5182
3895
2670
8761
2685
916
6757
5944
8337
7270
1881
3685
6630
4565
4105
7110
1751
1000
1658
5763
6710
4721
3205
5803
9425
142
9920
6182
6449
1480
3146
4566
1399
4418
5213
8844
9232
8195
5584
3476
3090
7750
3504
2493
6658
4355
4525
193
1939
2759
5400
7208
8898
4865
7651
7885
3690
6002
7315
5335
2240
4195
5186
5752
3736
5378
5411
9953
1112
1420
5093
2628
8992
2566
2063
7031
5464
8332
4611
1215
9696
5050
7984
1839
4042
9464
8704
983
9105
1510
7294
3711
3486
2612
2066
1114
4364
5016
9671
4801
8957
4078
4765
1862
7614
2475
1226
3746
5032
9380
1863
3768
7327
3029
1832
6938
1774
6318
1675
9943
2320
6500
7319
5641
6418
8536
2597
3246
7833
9752
9316
6730
5833
6522
2393
8286
3558
2966
5981
2387
1649
9139
3642
911
6051
2726
9275
5659
6455
3089
7012
1072
9997
9319
9305
3143
8673
1654
1968
9261
9372
119
2889
5250
3388
1059
8316
4183
336
1201
4190
698
9873
9407
5786
5424
4391
7733
6696
1202
5023
9841
4818
683
3141
6039
2783
4598
9925
8268
8142
2923
7423
4180
7454
2366
787
8833
7058
1888
6206
7724
9064
3973
9360
7531
5528
4945
7911
6946
3693
7889
5204
2352
5662
9388
8465
8213
1961
5660
857
2501
8675
5317
6469
5855
261
9350
5385
6191
1538
3705
380
8640
3543
2387
1466
2344
913
9784
2350
8897
7252
684
8512
8147
5165
5955
2223
459
2929
6858
592
7908
1092
5907
3377
720
3252
3051
1485
5538
7511
3141
959
5057
4207
6842
7189
9110
8183
3287
972
9029
2825
2390
1322
5224
8859
5914
9103
3681
9233
1221
8067
2965
9140
873
4105
2240
7493
464
7794
7933
4524
8711
3730
5347
9983
8473
7847
1220
9332
5534
6083
3384
3966
1652
2529
6893
5557
7875
752
2192
3377
9260
2816
6092
6256
1669
8804
3227
6785
2241
7068
2283
715
783
4818
4959
442
4116
6682
7281
3663
4764
6911
6112
6419
5515
1241
2433
4797
6937
2906
2250
9834
9274
4794
8629
6319
1197
9016
3164
7074
6586
4881
8416
5687
316
3668
7123
8635
1992
1432
1166
9555
5228
7942
9555
2519
6606
5012
9765
6596
246
9291
9773
7164
2462
5064
6451
1153
7215
7261
2272
1795
8571
9346
3174
7590
7508
8348
3859
3338
3597
6083
3629
6550
2708
9918
9914
8246
4294
5110
8739
9295
5906
4640
2453
5736
4026
4261
1590
3509
7621
6536
8708
1257
7645
1262
6771
8202
5720
4086
9091
962
9713
2082
523
7804
5706
2079
6752
2252
1268
4907
9164
5859
9851
4197
9900
4224
5475
6267
2208
8820
5121
3603
4045
8036
4127
5526
8319
6738
7724
8142
9173
8048
696
1918
1251
8116
9668
7573
2741
8693
1238
959
4969
5952
3559
3146
3644
777
4566
3822
7759
7057
440
6210
1098
7181
8914
7112
9731
6078
1260
1000
6329
4978
5205
4246
875
7084
9422
9064
1300
1247
8856
6368
3591
501
3476
922
4074
3238
9845
9565
8576
2171
6701
5979
1254
701
5999
6126
3011
7499
449
1108
1268
8853
5912
7533
8689
5860
7485
3643
7992
8985
3171
2945
4769
1508
5561
7776
9622
2729
4154
2163
4397
2746
1941
3104
6240
1174
4282
7119
8261
7736
3012
5544
4445
3946
2412
2175
7465
2466
7505
9379
6287
2466
9456
3225
1478
9527
1614
4761
8645
9288
343
3382
7572
497
4363
2436
863
2536
1409
5157
4918
3497
1638
8862
6559
5833
4799
7567
5115
6850
4464
9150
8824
3331
2507
1345
8489
7282
3014
9217
5358
6329
8332
417
3784
9417
8877
9825
3926
8260
6528
4665
8751
2572
5081
5503
6712
2315
7344
1784
9012
4800
2005
8011
9779
1466
9927
8164
7277
324
321
7301
9037
3375
3312
7107
6584
6124
4268
547
2166
2730
7648
2092
1889
2672
1834
7761
639
4604
2149
2153
4695
5135
4438
5413
1153
5181
7327
8143
3612
2495
4183
6138
7107
8442
7986
7971
7349
8278
7156
5028
3302
8148
6730
4778
3781
9379
9492
7867
1246
9812
7598
3338
2698
2873
9615
7968
4355
7897
6857
8173
291
7968
2202
9113
3756
1939
2767
5871
8533
3389
6553
763
7807
2054
4767
3985
7602
477
1508
1677
830
9092
3610
7916
2359
3821
9986
6247
1912
329
8025
4738
5758
8183
1360
2346
5638
9445
6523
7751
5510
9160
3360
1272
9260
4575
3175
7157
6779
5787
4271
1438
3039
2797
4351
6489
9935
1000
5958
9040
6526
1421
8107
4410
1888
7474
3542
9610
501
1349
5839
9929
536
7761
7865
133
3202
2758
6944
1878
4632
7023
5364
2401
4242
9153
2332
3679
565
8244
4010
552
9637
4936
802
9451
7314
7114
8186
6322
3668
8593
9174
2040
4442
6127
4158
440
5779
7790
6658
7587
2582
6290
3365
1377
6503
8031
1439
4724
6119
5239
5170
7051
2385
8197
9247
8525
6950
7676
292
573
5656
5157
8918
9644
7720
3482
502
2298
8587
6680
9969
7907
2900
8943
4195
7934
8290
9938
5847
5651
7021
1070
2339
7534
8193
2102
581
8619
3801
8110
7604
7792
1731
5923
516
3281
4128
3566
1247
5380
8880
2406
509
1951
7728
7741
4000
5196
3797
6417
3643
7654
1504
7878
356
4787
7088
8995
6240
1145
696
5845
1238
8478
500
407
8521
7270
3321
706
4571
6890
5723
889
8632
3370
2694
242
3092
2665
2146
5645
9209
6988
7081
8528
4989
440
2095
5002
3574
8164
7806
545
7268
8818
754
6221
5058
1929
2314
5757
5739
3246
5439
242
2406
9069
466
8711
3292
9157
511
4738
4916
6266
9628
5480
366
9709
6632
8176
2692
7593
3625
5033
3508
6203
818
8851
8827
7419
7800
2931
794
4046
7672
3871
8038
7638
6882
4516
5484
4856
7906
4942
2988
8877
8912
9459
7479
3213
8876
1028
4066
7613
2117
4547
502
3453
3614
6723
188
2726
8529
8557
4114
7472
1970
2265
9721
394
863
6277
6935
8462
1427
6591
3128
4952
9951
5657
6584
6386
4402
3216
3073
408
2300
1501
4634
8678
2195
6452
1398
4827
3363
5559
1188
1501
5670
3029
5581
6852
3163
8370
6735
5373
2232
2306
8385
1244
4795
3584
532
393
7347
1979
775
6873
8526
864
8353
3163
269
8936
3387
5452
6524
9778
2798
5739
6935
6289
9334
8495
5753
7924
7026
856
3072
6753
2274
2045
3279
7565
6332
3204
327
9293
6560
8652
695
4494
9173
5232
3146
1205
3105
4012
8749
1971
2147
4958
9688
8551
5302
5404
498
5272
8668
5420
8255
747
3549
274
9978
3034
5885
1434
4020
5001
8828
9327
8670
7648
7999
486
7261
2831
4723
6944
3357
2919
7708
8486
3255
1192
2230
7611
6579
1346
6153
6482
5098
4645
2217
7425
4849
8193
5421
4539
5843
3162
7929
6672
6322
3172
5618
6791
8103
6569
7709
4113
4376
8640
553
5386
2449
1973
9536
9194
4486
9744
7850
4776
7118
5857
8415
5057
9661
5851
6029
1221
9265
3069
7173
4109
4926
6210
3177
1249
2667
1942
4900
9662
3747
859
8350
1753
9261
1112
1973
2450
9257
6657
6838
1944
3399
5413
2494
2074
324
1523
1363
5359
2607
6779
5870
8670
7145
4042
3452
9976
135
5724
3547
298
3197
701
7993
1354
2760
1146
3826
3202
2799
8311
535
8960
7993
2046
3930
7387
7494
6415
8198
387
4150
8033
8051
5726
1876
4581
596
1339
1974
3249
9453
2927
8627
8430
1870
9396
209
308
4851
4531
6840
838
605
3927
2350
6788
4576
6851
3791
1629
5604
2091
4979
9968
6502
6612
8868
2049
7832
2709
5335
3405
6436
394
7685
8129
4678
2305
6361
996
4074
3923
2955
5628
1016
8694
8762
4670
2936
502
1301
7137
6927
2133
275
8098
4095
603
4849
2829
8149
6322
7007
1782
5401
685
5889
3546
5318
8231
8293
7256
2429
3441
8706
5049
5037
9609
2901
8958
2802
3814
6224
1428
5023
6404
8624
6928
2903
5584
4295
5374
5538
3355
6961
7762
3130
113
2400
9400
9176
7204
5514
9864
1980
2508
4963
469
4041
9260
6099
5812
6428
1228
5386
1614
7902
1634
164
6893
5543
8867
7557
757
9078
691
9483
8935
796
4546
5990
3012
2555
7981
258
1967
1164
1652
7899
5166
2780
5617
1398
9316
1697
1926
1831
1192
4567
5180
5091
2453
1874
7834
860
7127
5918
3649
5766
9707
6979
1962
9896
5553
4806
3933
7322
1765
8920
3950
8531
9891
8458
5764
260
2701
7193
2768
7541
7852
5010
9622
6718
7158
6651
4631
7967
7182
2788
5543
7604
7761
2130
4472
5590
8483
5969
4571
9756
2205
2537
5098
3667
3623
6206
8005
9152
6823
5865
2063
2037
1457
8099
1744
2204
7746
4391
2482
4796
8468
3207
3555
4360
1952
430
5248
9404
9062
7866
2677
1543
4992
1989
4949
4813
5514
5295
459
2940
1005
476
2797
2503
7354
8587
9866
7814
2578
2637
3458
5257
4584
4793
4948
9955
1037
5639
5449
1618
159
3715
2303
6486
6895
4458
6922
3059
688
7027
6710
9300
2048
3323
7593
8473
3753
5117
6231
2655
8317
4136
2412
6324
6422
7164
2576
4195
1946
1394
6189
4701
7541
7060
2080
472
2674
618
5656
1979
6551
5868
5568
5958
7954
3517
4593
4710
2572
2386
376
9889
3227
4084
7490
9613
7162
5202
9180
3047
1502
2937
5558
5411
4716
6384
1078
3337
6447
6543
4303
690
2739
2629
4463
6653
1789
6460
6221
4578
1938
6904
9841
8772
1751
8643
5029
1962
5922
3217
8622
6468
8799
4051
2507
5128
1750
1727
6077
6608
8916
4131
5059
9298
3368
6187
3686
530
5140
9715
9246
6398
3744
4571
3210
5879
9417
9330
6440
9610
3419
8684
9230
4163
7077
6565
3212
1177
5491
4342
1821
5608
5376
4569
3052
703
3317
4375
8407
7774
3447
9717
1867
4444
1972
5740
9998
2736
7446
4622
1643
6993
7182
2041
4654
5888
3163
8542
5182
6916
8505
8487
869
9824
5785
211
3858
762
5082
1195
1419
9999
7183
2364
2231
6885
2929
2930
7464
9535
2302
8714
8580
8465
545
4856
234
113
8338
1683
4556
9938
7177
2097
8164
9868
1725
846
4761
7344
6918
4443
1565
6951
4595
8026
1179
3515
3966
9392
5214
7489
141
3793
2240
525
3759
4869
5166
9039
3703
6303
6997
3335
3135
1605
7112
2932
3051
8365
4897
9238
6447
3243
1175
2088
4905
7225
4548
5828
522
3294
3283
4649
7782
6339
3520
1063
8044
2621
7033
7923
1091
8224
9468
6147
339
1391
1957
2860
3658
6124
2721
461
6920
5712
854
7942
6873
3535
3853
5618
9443
4604
2910
7564
4863
319
686
6398
7166
8395
6953
8575
4759
7751
9709
1773
3667
5834
5447
4637
1536
2553
7032
9541
7718
9714
3918
5706
7034
2852
2362
6215
7777
3956
5416
4300
3270
2325
8517
3936
2998
7897
2593
3311
6334
8931
750
7983
4436
3892
8577
5109
6123
1917
8433
5314
5762
1591
7678
6503
5864
2984
502
2233
2244
6151
7227
8745
8679
1735
9488
2052
919
5237
9494
4291
3748
5981
9875
1914
556
3681
4296
4966
2650
5553
5637
2559
6741
7468
8079
1368
546
3548
8631
1443
3701
1427
762
2898
9719
8883
7599
1415
6039
4899
2260
8085
1885
7118
6639
7160
7868
5219
4276
3141
8419
3933
1934
2599
1313
9597
4969
7686
738
2645
6118
518
7912
7066
5343
8456
6929
8302
6731
2913
4461
3468
6996
6702
8822
4102
7663
6229
4460
436
2396
4590
5949
1756
283
9547
5405
4714
3771
6765
4282
1544
1454
430
9076
5621
9607
4158
448
1375
1661
4462
5793
2123
8292
729
8771
9297
7909
7726
9140
1011
2087
4260
6617
1095
1458
6295
4392
1229
2096
9829
1774
6850
1338
395
4262
2635
8600
627
3991
5905
3690
7422
6956
8623
993
702
8591
9441
5447
1536
255
3741
2928
8943
9836
3348
3131
800
5436
6699
8000
1975
2932
8763
7171
8672
3449
3620
3512
3838
6785
3487
6972
2892
8987
8942
7545
4751
2507
9222
7433
8053
3901
9073
4381
4676
7524
2191
8157
8549
3561
8171
9167
6132
5417
2011
6628
9981
9046
6417
5281
3987
9288
462
5258
5151
9512
9193
242
3908
441
8125
613
3061
3456
8511
7253
8317
383
7643
4460
3487
4655
249
4456
2041
1945
3548
3412
5184
1444
9670
2989
6524
2037
6484
4774
1346
9243
8246
8481
7678
1076
5668
1480
5541
7353
4651
4835
2180
4602
4441
8973
2633
1714
8577
2184
1651
4047
7890
4434
9710
6015
1809
2835
9763
4174
753
1625
9528
6042
4460
6360
4586
8635
3868
8379
1973
4483
3420
4658
3926
6265
1032
2104
7598
2192
7750
7292
9961
1466
7023
5540
1532
2787
4621
3600
6196
2526
8342
5038
4296
9460
6140
6157
8491
5774
5653
2603
5361
5839
8767
8609
3729
1057
7950
2562
4560
4243
2559
8783
4287
8523
7325
5365
4792
8907
3769
5454
5048
5531
3417
4304
8979
3331
6369
4269
3468
6781
4676
5218
5596
2892
5312
7216
6589
5938
1147
1632
2771
2926
7713
8607
9970
5048
2659
6113
2427
2088
6188
6732
2160
7249
9865
7536
6829
8989
9958
5999
8014
9566
8480
8216
1903
2563
5567
3013
1343
3119
7239
4922
885
2540
7035
1618
8320
1734
7983
2034
7661
7270
3768
6232
4710
7363
5042
3273
5244
9273
4716
1023
9479
2506
7344
7711
7243
3377
9140
6341
2447
1755
8563
865
2092
9783
6313
5223
3780
7855
2178
3537
5576
320
3679
9316
8192
6555
7966
3318
1853
8260
2300
7578
7227
6768
7797
2357
6614
2071
1353
6758
2534
8540
2987
4799
4952
8680
3170
3294
2996
2077
4757
5801
2934
1098
7914
4886
2036
4386
665
8752
3827
6587
908
3293
8298
4826
1518
9495
6922
9461
5205
2887
9926
9286
6230
6590
7480
6754
9822
9649
6954
6695
1876
6231
8841
9344
1105
2308
3210
5522
6828
8438
1521
8696
4537
2942
2983
7962
7296
4142
8629
8554
8579
5882
3926
9525
9334
6287
8652
1787
7686
7511
9477
9826
8247
9746
6519
2553
5008
8133
9256
1651
4029
1789
2550
3384
5672
4228
1656
9434
4655
4082
6045
8676
4917
2973
6838
5621
4403
7683
8778
1693
6545
8755
3505
4189
8070
7095
4672
4826
8679
3348
2260
4143
5870
8662
1471
9425
2050
1747
3347
4884
8605
7609
9784
4227
7073
7763
6130
7315
4809
873
5588
8209
1760
355
5200
3092
4226
7221
4351
3668
429
8249
2519
2919
4347
9616
2651
2718
4041
6560
2698
7349
5252
1910
4500
654
4592
6254
4597
433
9677
1620
1270
1129
9651
6725
7451
4110
6276
7567
9079
3119
1545
2583
6744
7475
5741
6058
2916
3539
8008
4360
1521
2224
7311
3663
1252
9179
7986
9200
4292
8762
8909
5539
4646
6126
206
9686
3383
2449
9681
5913
2038
6290
5119
3587
5632
4423
8373
5837
4730
8485
7669
2599
9998
8683
4397
2442
7594
4247
737
1310
9380
2737
3330
419
3337
2583
7530
8443
1331
7984
6886
6789
1333
4251
7439
2334
111
660
6815
2127
6323
3239
8069
4514
5850
7189
2571
378
9117
3606
7761
3394
9480
1533
4958
2245
5445
7986
4289
5188
2623
6839
5542
4361
254
906
4163
8717
2083
709
2430
3957
2866
4185
5961
2711
1466
9314
891
2884
2243
7519
164
6072
6604
9108
8730
3736
4055
9783
5978
4798
2671
4037
7572
4813
8972
7358
1519
4788
362
2673
9248
5725
6804
8027
3377
1104
3083
5677
4665
5987
793
5805
4806
5989
9875
8826
6669
7423
3420
5130
3662
319
7988
8555
5640
2271
2774
5493
6200
5835
1320
2063
1118
2376
5700
8869
322
4851
4293
3903
1446
879
8558
6791
6340
8815
6588
2524
5669
5869
9984
6153
8057
3104
1975
2219
8368
8661
6450
6189
4616
7680
6415
5510
5080
4291
1246
9228
9982
1776
5525
3449
7722
7773
7164
2747
3856
1317
3015
1720
4489
7314
9831
2372
3997
5257
3604
665
8485
7899
1276
9025
2880
3551
4966
9827
2076
4222
9592
579
9885
627
2547
4990
684
7315
5632
7913
1605
7365
9967
1558
1097
5187
3772
7578
7719
7791
7263
5690
2645
9419
6192
1759
6211
3805
7574
6037
8941
2100
9218
1155
1472
6821
3728
3585
6647
5908
6809
5672
6087
5061
4243
3318
6125
3467
7230
5990
7042
2015
6814
9832
2280
3235
9490
1436
4998
9707
2786
6289
6280
2601
4868
1047
4414
5306
2359
2868
9207
4096
2930
5118
8563
4924
7027
7713
7680
4273
5557
3371
1878
9785
6485
9551
6419
6124
5584
1176
9866
4908
1930
3806
2271
1311
1799
5892
8294
8786
731
1277
9112
3454
8719
6162
2007
4142
7978
9395
2147
7152
9849
5935
9342
7990
3445
3130
8884
5028
8083
2580
7341
9165
8108
9813
8228
6559
9975
8464
5186
7869
4479
1791
4286
8478
6269
6106
3397
5941
9894
2857
3666
9150
9932
4459
3940
8556
7824
3395
6058
6161
6833
2208
1318
7533
1065
6883
3799
6850
7238
4682
9971
4056
540
2093
7177
2881
8508
991
3676
2528
9796
1400
1111
5458
7335
4525
9001
7634
7688
5620
4459
9135
4446
2432
9795
6029
6298
6332
6357
8478
1826
866
6296
2223
6304
4296
8865
6744
5593
4782
1034
3891
9238
8307
8804
2138
4481
2594
8012
2777
2792
4454
2252
4509
4818
5460
2612
8580
9334
1875
4714
3888
5342
9249
9661
5249
8786
2816
4225
6570
5618
5741
4690
1459
9950
3063
4834
3800
6269
6948
5518
2836
2131
9365
9150
1832
7022
7193
9313
3413
7982
9971
9091
4964
4918
8508
5354
5956
9064
3127
8309
3711
6700
5657
7349
2088
2472
4688
2678
2641
6638
2445
7737
5032
3405
2627
6830
2303
8953
5738
9553
8749
9750
5906
7019
1745
2430
3930
3540
1778
4186
5858
5345
4445
6780
3483
6358
2626
9564
6458
3785
265
4127
8779
1489
6981
610
8459
5210
9908
3596
6742
7519
4713
6370
3118
2995
1590
6258
4546
8311
8562
4107
6081
4688
8800
9421
7557
3792
7522
5511
7533
4953
437
4103
2202
7858
2088
6147
9550
6420
7955
9365
1770
2159
3946
5652
9042
8829
7168
6885
8728
2489
8981
4760
7679
5533
9410
5934
3248
5912
6740
7876
6028
7057
2215
1261
5032
6211
7564
4826
7866
9290
6958
6825
7389
7563
3837
6547
3644
7021
3009
9166
7092
9134
5394
4694
4919
1719
2039
1296
7235
8430
5756
7015
7716
5055
6721
3245
6298
6540
9132
7583
8003
7304
3899
6255
6372
5086
1775
6356
5562
5460
6286
3387
9310
4621
2768
9268
9588
2327
7846
5285
8074
8006
7996
139
6842
3811
2422
1213
219
3211
1612
9817
8723
5681
3739
9306
3690
1383
4321
2226
428
7263
8370
3306
6327
1788
2854
5867
2096
6236
7153
9371
4035
5678
7543
1317
7657
8620
7587
3833
6202
7121
3405
3094
7950
9714
2130
2811
2275
8741
2134
5220
7131
553
469
3707
5527
1498
594
597
8403
5333
4428
9831
7904
4548
2096
790
1576
7973
2138
9724
5318
3228
796
7144
7526
3879
1636
7005
7567
8314
7438
8901
5223
1469
2476
2432
8161
9917
973
689
8912
7571
1047
7820
9212
484
9623
2396
7326
1869
4908
1569
8200
5232
5349
8671
418
5471
5094
2107
5332
4392
2870
718
6351
2457
8146
7920
6314
1496
7416
9869
6358
3829
1469
7690
2810
1287
8709
4983
1209
7154
1071
511
1776
1615
1272
7935
9246
7029
7521
4675
4947
1054
4960
5087
7940
4152
2718
6309
1547
1177
2778
9295
4369
1300
7147
1092
2194
2732
425
9086
3966
5373
3535
4457
5216
1039
1042
9425
2761
8162
983
8547
7275
8944
6462
5772
9764
6213
8068
8207
7713
1887
1659
9680
2624
3485
5676
2556
8573
5194
6720
6275
357
2334
3060
9514
8195
7035
9908
5128
1396
7252
6189
9154
949
7378
4792
8334
3053
4523
2621
7855
1279
5999
5879
592
1858
4862
7562
3129
4825
9476
3236
5897
4421
2511
7242
4801
7070
2529
4417
4834
5371
3317
3165
8757
2309
3570
2824
9587
8020
7738
3718
9849
9127
1341
2315
1052
1636
7585
7036
5278
2046
4448
1075
7503
7021
8437
5909
3741
2684
568
3668
6017
8481
6044
5322
7788
4952
144
7425
5845
2338
5336
6052
7217
3943
8765
8179
1525
2959
9264
5253
6029
9121
8796
