8180
4735
1158
557
805
7149
352
3237
2515
1627
8697
6134
9515
980
5677
5593
373
9263
2618
4815
659
7772
6448
6957
5197
4885
7422
2293
1355
936
2374
5411
6782
1860
1505
3383
1353
7501
523
3302
2334
8148
6276
4521
269
5152
645
1846
4973
6552
2192
5437
6559
6820
5977
1584
5728
9879
9117
2746
5534
9352
7433
5237
3380
5770
5979
4949
5425
4523
5657
5591
6286
4680
4311
5261
7885
7006
1367
4979
2719
4153
3309
6811
5361
9723
2768
9025
7699
5700
1756
1641
4823
5651
6141
4300
3916
7428
8707
6069
778
9049
9978
1307
2252
9046
9640
5384
3455
9517
4747
354
4778
3906
3749
7618
625
9417
4374
2926
4199
6682
1709
6154
9504
4834
5419
7747
4184
3797
8953
9399
4012
3010
4630
7195
1731
1981
1046
6147
3454
8967
6376
2999
5677
6560
2090
5793
2276
1796
7063
8928
8151
2470
9302
7752
1555
1501
3903
8522
2081
8564
3868
3928
1070
3156
3645
4259
9478
7379
7014
3498
5302
2358
9813
7796
5586
8481
1906
4503
2886
5561
3317
1946
6583
6178
3813
272
1812
7496
8560
8800
7860
2872
4119
1325
8418
2280
9442
936
1986
4252
1608
1381
4201
755
9039
8777
7738
8428
1380
599
2980
9978
2876
7182
6617
4635
2149
3505
8919
8826
4162
6810
5635
650
2162
2761
9166
3776
6985
1053
8458
2533
7452
6967
4226
4303
9497
4641
8525
2179
3589
4989
2316
7259
4668
9650
7227
9514
7180
4533
1989
4080
8646
8035
5136
8133
5734
670
1785
4230
3351
7819
6456
7387
6912
9633
1810
8985
5468
3397
8659
7915
5311
4868
927
9127
4816
2160
5829
2886
9270
9416
7994
9827
858
8430
2669
7438
7531
1364
2736
435
9965
7362
8436
5657
7504
2183
5555
2660
1803
9527
2207
5666
5493
5347
6477
1782
3289
3520
9292
6099
7274
4029
4660
8493
2227
7193
5478
9615
4623
9457
1466
6356
8211
1848
6724
2611
8287
7564
4656
6350
4228
6930
3067
1268
7986
3201
3319
289
1981
6830
7307
1663
4885
752
3941
1886
8004
8150
2779
3554
7663
7844
5005
1788
7583
4310
3649
7295
4190
3350
3615
6435
4374
4237
5809
5759
1683
9058
2726
7215
278
4123
4578
3254
2257
1919
1230
6156
9724
7987
8018
349
7333
8873
5019
8422
8455
8483
1947
4680
1276
8078
752
4997
8217
6643
1470
1992
9365
6623
3550
3071
5772
1001
5195
6867
5280
5679
2116
6740
357
3633
9920
8330
3194
7736
871
7553
9332
9161
5769
6838
3023
3986
7318
708
8533
3793
8138
2540
9305
3275
5076
936
8253
3514
5196
7089
3312
1774
5869
5107
7153
9794
7928
6751
1886
8388
2511
9669
3243
2028
4157
4052
8429
9449
2526
9163
4399
9330
8889
5914
1764
8073
4889
1615
4743
3151
4060
3780
574
8278
6577
7557
6331
6584
1745
9935
5414
1549
7162
9590
8936
6501
7598
7677
5914
1773
6545
9660
5067
2415
7050
1987
7244
2993
8407
9665
829
9870
3185
4391
6779
6632
2665
4036
8911
6732
3378
7220
470
9502
3054
1089
7347
6537
8602
4624
485
9457
9359
8114
4652
168
5007
6687
7010
9847
8029
3651
6816
7667
5213
4288
9898
9997
6231
5348
4603
4883
1013
4530
954
2687
2082
5470
9422
6072
3757
8492
6984
2102
2492
573
7112
7424
6114
3242
7756
3240
4755
6179
8346
625
5113
5522
1352
9599
8080
6672
5031
6896
2930
8511
8956
2281
8597
7420
784
4873
3443
598
2354
2584
497
6680
3954
7032
2929
4220
7176
5399
3120
6876
6824
8954
5020
5636
152
2872
732
2896
7559
523
7548
2733
1865
9431
5327
4748
5957
895
3400
9196
5175
6637
6791
6318
351
1837
2203
2820
9589
8854
6817
9662
7680
5256
6339
7182
750
6777
4677
3578
4568
2067
2732
6801
6917
5228
9160
9421
9458
4941
4510
7156
5929
6682
298
6216
9922
6646
6903
7965
8807
3015
6657
4528
931
6506
5967
2667
4504
6933
3764
7719
2021
5959
1442
8860
5182
9299
5417
5553
7560
6144
8546
7926
6237
7217
9415
1735
5972
735
6365
2408
4284
5744
9233
7538
6554
1580
7748
6358
2111
3417
5065
3578
590
7188
7529
2403
1574
9926
1563
5701
856
4368
9919
9133
8986
6046
5112
7024
2667
8330
5477
2493
5095
7063
8312
4579
4342
1572
5071
4053
8027
8559
7187
1571
3472
5220
1137
2814
1815
423
318
5952
7295
4630
9318
8747
7786
9707
7673
6112
8556
6444
3861
7767
5630
5018
3817
1888
4321
1651
790
5428
8425
9343
1628
7131
994
348
4171
8006
8835
9223
4141
9747
2998
2948
1004
1104
5115
5498
6588
7502
8110
1260
6653
293
6726
8609
8567
8836
1908
5642
3161
6203
8773
4447
5277
8762
9966
171
1284
4258
4175
6926
2560
3140
2766
1819
7448
9412
5147
7437
8055
5370
5274
1271
6705
9569
791
976
7106
6962
7204
3731
5531
9171
7386
8905
8122
1663
1010
744
641
5254
7733
9547
7620
1019
3760
4809
8451
155
8092
3659
4343
7611
246
9377
2147
958
7797
3346
5294
7946
6847
4616
2784
1492
7576
3915
9997
6121
9268
9286
2561
6905
1272
3143
5864
6344
4384
6683
4462
9935
3290
5006
3403
5813
1317
923
2734
1420
8111
8435
3860
9047
8829
656
9188
5156
6124
1156
1898
3081
6092
6815
2804
6164
7534
8365
2732
4710
1903
7518
7295
6098
3555
8974
3379
7371
7362
2547
3331
4386
2403
2178
9440
5865
8665
9652
2499
8579
8773
6645
2406
7598
3271
6129
2332
142
5004
6551
8168
4469
3686
2791
6007
8453
1742
2195
9356
1646
2930
4009
8435
2621
2749
6248
8050
5082
3664
9519
4403
9853
479
5925
4852
6713
9881
5180
4802
7431
3884
6188
7201
7181
4195
8002
2762
3481
2095
9420
5478
3086
1419
6818
397
8304
4672
3337
5359
4320
9144
8796
582
2605
3491
8167
9419
3280
5969
3171
6006
5494
4788
685
9427
5933
1475
3594
6189
1861
5933
5902
9331
1163
6755
2476
7119
2091
3988
8356
1424
1761
259
7365
9513
4026
2830
5374
2981
2271
1155
5650
1011
8119
9080
7061
8590
6820
2714
1407
6049
9155
2159
6954
4284
144
7057
4283
4286
1838
8337
7739
7631
6529
2179
3680
420
997
885
6255
6485
7415
7300
6824
347
4436
7564
8278
8265
9790
4619
5795
574
7301
4025
2442
6597
287
2840
2700
2815
9127
824
1802
9268
1460
2505
7226
9524
2510
7118
3152
6026
8794
2530
1077
1069
7989
8384
1421
5358
7453
3173
6814
9853
2696
8408
6881
595
4782
3489
4096
677
1909
5147
9302
3137
7818
8971
473
9717
3586
5312
2454
2027
3011
9434
1774
6607
9314
1412
5646
1026
4663
7313
3165
4072
8217
3766
1200
3055
5442
2327
3807
3741
3765
755
5672
8494
1375
4428
8877
1778
4686
7678
9009
6940
9444
2365
7975
8426
4484
584
3973
4591
5518
1509
7113
1354
9719
474
4340
8960
5838
9828
468
6919
7766
5648
234
3738
9113
1852
3937
4783
8858
3070
8675
5604
621
571
836
9146
3825
4664
1846
5780
1895
1763
8778
810
960
9083
4560
3973
4250
9993
6870
7105
2152
9184
5123
8494
9247
3135
7199
7895
1711
6349
9896
8962
1584
5358
5070
4444
8482
9849
5231
8221
5977
8000
8494
9745
5232
7394
7554
624
451
6732
8596
6888
9870
9385
8439
5776
1522
1552
3570
9532
7053
1024
266
1636
8481
3077
8756
164
9251
3770
9127
9681
5448
6550
3788
5912
5148
1304
1175
2476
7184
3022
9410
663
3867
7136
8214
5039
3424
3833
883
9443
3038
1157
7179
2880
7918
3451
9723
3500
8006
6410
4711
844
7646
4050
8128
5461
4723
9596
1160
5668
7673
2123
4395
1152
4723
2681
8181
7674
3768
4943
7584
201
3078
7555
5415
1883
2286
5029
4429
1440
1392
456
5820
1674
2746
392
5686
5767
7089
2400
3586
6383
9294
1166
4762
3183
3067
6363
3065
7970
2666
3665
8981
6569
8845
7361
6735
5194
9453
8257
6554
1330
2446
1286
7929
6089
6052
5287
3667
4320
3087
1637
7465
2813
8710
3697
4449
2262
7566
6748
8273
6544
1601
2668
2038
3688
2838
2535
1893
5114
6513
4259
3562
1889
7773
7359
3036
8069
9004
3729
5641
8795
7302
5127
7947
6501
4518
2446
8695
6418
3679
6914
2893
6235
2327
4577
4622
6331
6934
2030
1748
9890
3438
8645
7847
2402
4335
8294
9601
3181
1891
2280
5719
9797
4080
8817
1103
2191
6404
8415
8179
1050
3484
3516
9452
6156
5243
4946
6202
9255
7135
7257
1020
1184
2860
2747
7708
9657
7612
9741
3236
1615
2352
7364
5793
5309
6929
9798
9222
3097
2967
3989
6518
7694
6251
2336
9871
5715
2622
8455
4895
3617
5598
6968
5669
7686
2950
1892
2600
6876
4721
7402
125
5755
6681
9129
7463
3147
162
4905
9532
8405
8844
8368
7462
4399
5708
2124
8882
1727
672
5242
9959
3341
1879
7167
4014
309
871
6807
7380
2437
4353
9703
5298
664
1597
9554
9385
1867
1393
5568
5112
7177
1618
2927
8653
5825
9777
5608
8205
3976
6488
4484
5140
1988
5251
8347
6784
7436
5419
7206
5729
5727
3642
3397
9480
2882
2730
792
9042
108
1686
9123
1618
3091
9336
2974
7641
3809
9057
8074
6186
9818
4859
2173
5127
2414
8533
972
4771
9361
6490
4019
8512
110
3595
9370
2675
2787
3402
2966
7336
8638
3496
7559
8788
5000
6622
1038
6307
7320
8240
5899
3471
9488
4572
4182
6420
6427
3789
3443
6904
5423
1736
5627
3798
9343
4944
2700
2324
4042
8184
8983
9429
8500
8721
9283
2246
1297
8688
5362
2889
6537
9475
6848
8888
4193
6342
3779
1905
1866
3593
2573
1004
2664
4526
7189
2197
1880
6365
4046
9943
1330
6745
4463
6432
6615
3717
7004
1413
1272
6079
4589
9098
6788
7551
5646
3287
2923
2151
4312
8924
1732
3427
3660
1806
1828
5860
3087
5288
7511
5772
9617
2264
797
9922
9271
5921
7198
3896
9500
3333
5172
9979
5259
7209
9364
9626
9828
7440
3623
5756
7719
2111
7361
6061
7590
4930
963
7651
4946
6325
8354
6363
5834
2476
2185
4597
267
2712
2968
6336
754
8222
2213
418
7766
3486
6413
5373
7085
9807
5014
4073
4930
328
5572
9816
1109
7013
6966
9384
7030
8352
4909
4708
1419
8576
3426
468
8326
7868
2632
2487
6004
7861
6880
7800
5490
4224
6410
4842
6976
7118
6420
2229
3058
2740
1315
2313
6548
4077
3601
1011
7538
7077
7759
4242
7190
7074
5534
2809
3064
6506
7859
2219
3199
3026
1215
9276
1357
8864
3076
4734
606
7327
892
8258
7386
439
4258
6322
8537
7630
6708
5271
4036
6708
7945
7942
2921
1021
9208
1655
1746
6799
9106
768
6660
9203
4495
7629
5059
3439
4350
5693
5739
8578
8478
1905
406
2883
1627
5820
1575
1895
8209
5301
9507
7792
6229
6349
5306
8147
1285
1122
7823
5020
2917
8462
7475
4311
3098
5250
5810
2121
5777
113
246
4236
1355
3856
8868
7049
1708
277
6851
3309
6046
2151
2115
1944
1635
5526
4498
6772
7818
6849
105
2845
5167
8421
7681
5591
3599
5875
5439
6871
9166
165
3364
1743
4902
8011
5448
8712
7392
2708
1931
5714
4978
6341
3482
7343
6043
4534
240
8468
1223
7274
6653
2344
3157
9207
7814
8817
1910
5132
3474
6106
4310
4038
8842
7381
6167
7608
1458
3387
6847
3658
3135
6897
4159
7451
8859
4437
2216
5849
5041
1741
1053
924
5683
6660
7941
6643
7029
2917
4285
4089
4098
6381
1657
8978
9721
9608
5335
7872
5727
520
2472
1783
8689
2229
906
7038
6089
5765
5439
7962
1854
8322
7035
6080
5354
1410
2759
447
9234
8454
5127
4658
3057
1382
6092
4251
5361
8405
3950
3673
1179
1599
1852
1708
1766
3159
6676
5682
935
4397
2433
5949
9997
9010
2671
4127
6413
4665
3424
9759
4551
386
1993
7026
2785
1911
6884
7570
5712
7731
8017
2308
410
4333
9355
4246
5770
3121
4927
4941
2095
1019
7682
7274
4890
1794
3811
8682
9481
4829
898
6538
815
843
3612
1155
5702
2655
2594
4160
5335
2542
6714
4842
5520
7572
3702
4284
4192
3984
8457
1097
5978
2085
1547
1810
5257
187
7654
568
8804
441
6367
7701
2294
9212
7283
6077
6973
4988
4710
4199
9014
7839
8475
6908
9332
1527
2085
533
8553
2918
1918
1394
7743
2499
1826
2903
4722
3803
3760
3823
7557
9033
1313
5822
3723
6176
2510
1837
4948
770
3154
6836
2903
968
7927
4206
6091
6124
5153
1052
6199
8014
9791
9034
1867
5331
4510
4044
4185
8501
1053
6525
9784
6930
3444
1038
1911
8139
4063
4727
5817
7937
646
5483
1946
6826
2740
6283
9928
8415
6775
7444
5309
3179
926
2327
7135
4369
5195
8397
3930
2407
5389
9730
671
8669
7281
135
667
1991
8136
6775
7855
4236
7635
5400
3083
5094
5878
2028
1395
9771
9566
6772
5000
4391
2466
2584
6262
7995
1664
3228
5338
7586
7670
3191
8986
4147
5913
7159
286
891
1293
2767
8709
6470
1132
8001
8847
8548
188
9971
8151
5663
7156
7279
8823
171
606
6407
804
7081
7843
6655
9052
6706
7692
8748
9548
1006
4962
3830
6693
1208
4913
928
7160
2940
6404
6753
9205
8811
2838
2661
606
1533
7190
8748
7399
7695
8741
1776
8488
5623
773
4952
6703
1329
9895
9624
576
5330
2522
3589
5371
7669
1492
2017
2006
3393
9386
1065
7056
7018
5779
7965
1581
812
9069
4788
6763
1696
8131
8173
8535
3155
1468
3637
5442
6852
7799
8697
4354
7657
4870
8641
8314
4594
9003
8033
1104
5587
257
4825
2281
2893
5588
5294
3730
2725
8245
7404
7446
7368
6810
8892
3907
447
4403
1106
6110
9533
9469
7215
2152
1254
8668
8597
2417
7215
3184
8814
4318
7630
895
6944
2199
1420
9066
5587
6523
4563
5771
1482
6464
1472
8347
1566
4286
5170
864
303
1261
4529
2451
5033
1890
2933
1723
6550
7279
2650
7386
9819
9941
7105
5620
2824
288
2330
2556
9352
9667
6035
7035
6391
4936
4676
9743
2360
7922
6288
7698
3971
4198
1888
4119
2812
6881
7336
177
8048
8232
2094
8115
5590
5170
3086
7554
9436
2414
8106
3541
5845
9402
474
6040
8085
5202
8007
1906
3117
8947
8067
5856
479
1979
9353
2982
2049
2148
2872
4018
2247
4584
9905
4729
6102
740
4933
1666
1541
260
8227
4586
8000
5978
645
3418
7403
5004
4788
5438
4475
5794
6191
8037
1004
6813
8842
1562
1268
9449
5408
690
6637
8827
3159
3847
655
5127
8643
779
2309
3172
610
9937
2958
6676
4040
6738
670
1014
7671
8232
554
3012
2726
1364
2590
4459
5726
7093
3138
8190
8590
7508
9870
6650
8693
3844
6356
607
2199
4646
3998
4712
9353
6239
1970
8928
1946
2197
3857
7860
8269
9858
5189
3270
5339
9389
9372
3352
228
8292
8650
5887
6380
4081
318
6809
1112
2615
1626
8841
5895
8356
6419
4279
7921
4653
1210
4840
4278
725
9466
4556
5453
1718
5931
8884
6014
6886
6036
6578
4787
5279
3612
4983
825
8687
6221
5553
1873
1719
1226
2325
3679
1514
8671
4757
3310
1687
7369
5826
1686
1404
8953
6727
5713
1451
1650
4696
1604
3858
6092
572
6760
3296
1326
6696
3407
9076
2729
8211
7032
6529
8230
7191
8134
9334
6191
6109
8392
3726
5620
5038
8621
7992
8959
4833
2125
5972
1800
5745
7714
4901
4600
5423
2813
3647
3690
1700
9342
3052
3300
3393
2786
4617
9355
8186
3927
6609
8301
5061
6218
2368
3561
9419
3961
4066
1792
9268
6522
9865
9808
6042
5843
5196
586
942
8931
9299
3895
8572
5150
6358
1593
7096
6088
1070
1202
3452
1692
2226
5378
4835
6103
3480
6340
4280
6346
1330
8382
3244
9146
4035
1796
342
8319
3211
7702
9721
498
3937
1738
5246
8016
887
130
2376
9993
4714
9084
1971
7691
1539
104
9404
2448
9708
9711
588
3485
8594
4132
6382
821
6954
2918
9469
4802
8685
5285
5317
2521
2768
3706
3796
9647
5981
1480
1088
3268
7011
6127
2816
9558
3810
7489
9400
3143
1746
462
5857
874
5341
257
8703
2318
673
1166
2970
939
7586
4191
2748
4700
6904
3849
3073
7007
9549
9108
4664
5003
1423
9410
6518
7041
8595
423
874
5888
4134
9163
2236
1035
8652
6940
5882
7992
1185
9118
1587
4159
9949
1161
9027
5046
5683
3195
1813
8276
5761
6116
740
9260
3812
3224
1964
5562
149
2569
672
8557
9314
9170
4084
8458
4079
4010
3555
4990
2648
6826
8887
9922
8139
9674
6481
2741
4292
9181
6990
6706
1326
1246
4722
8634
8185
8727
240
561
3498
938
3274
4615
7537
6208
7422
9309
5019
5896
7729
4934
3392
230
3144
8197
9810
8524
7467
8128
9955
8835
9613
9446
9033
5059
1280
2657
1730
1929
3529
744
7456
6732
4283
5070
280
2914
1991
1641
1968
3313
7221
7918
8764
4511
7859
2684
6822
7840
5982
408
5960
9089
746
5539
1303
8389
711
8585
8347
7041
1222
1894
3169
1449
9886
9281
4093
5348
5465
5855
3795
5380
7995
3777
8029
2480
9100
6980
4888
1444
1628
9368
4005
6176
8261
1002
3548
1253
7987
651
3601
4482
1012
9186
6605
5980
5530
7911
6494
6249
6554
6172
9041
9145
4427
2761
9056
4542
939
2652
7059
8924
1702
7401
1634
8060
5796
9480
4760
1096
6344
5657
1934
9782
9646
7562
285
9942
5007
4884
9316
1717
5290
3638
7978
8986
9539
7972
7322
8356
8356
845
289
5183
1333
7831
4804
3733
2892
7114
1547
3476
9965
5094
4267
9237
2734
1739
1455
9088
5539
4481
466
5168
6048
9964
3175
3833
4105
9173
6688
9703
925
6777
7195
2140
1533
7224
8675
5728
8982
7817
6799
7419
9457
4782
606
9734
8199
2793
9002
5209
4318
9271
4146
6201
274
1747
2613
7143
6629
412
3823
7923
5023
5952
9617
2430
7528
3594
8348
9709
7408
3543
752
7843
4446
480
333
2343
4006
4971
7879
2457
1188
9807
8818
2787
1241
4449
3226
9327
5427
3579
4456
8958
3200
3674
5433
6526
6525
9867
2176
5621
5289
4742
2461
9402
3348
9819
8488
2478
7980
8638
6907
2109
1331
3051
6668
7007
912
8161
8925
9823
1278
4599
1851
3712
1618
3290
4139
1220
9199
4680
5918
6428
9815
8302
6167
6072
2995
4035
5999
5658
8472
8990
3387
9122
7273
2369
6721
6847
3776
6303
2990
6575
4982
6253
5326
816
2351
8902
6492
8425
6283
7902
4264
5141
5018
1925
9454
7638
7405
7037
5746
7798
8823
6162
539
5691
5115
7422
7802
9633
2870
5105
8736
4568
4926
4883
3592
8377
7323
3061
4729
300
2686
2735
2661
4828
3788
3920
9246
208
4162
4462
811
3277
2435
1300
3099
9748
5471
2071
6684
6519
1618
2533
4236
3168
7220
2994
7238
6684
4242
3234
9426
3315
2048
6658
683
1365
2306
8472
409
3297
1160
6242
8637
9885
1225
8598
4339
5604
4571
9551
1523
132
520
5305
4742
215
3813
8194
4452
665
564
2781
703
9084
4856
6618
9109
970
2680
6869
9921
2283
4392
2285
6451
4506
6156
7812
5005
7084
833
9891
3480
391
3498
9043
2611
3372
4423
5036
396
9176
4346
1063
8551
4744
9705
4144
1909
2582
4615
2388
5880
7369
8187
9024
5122
6696
9938
7619
7997
8556
3022
4611
2413
9233
1361
5344
6238
1367
6495
3394
4123
7414
2400
6066
2807
6854
8888
7497
8096
7366
150
8381
3561
1417
5766
2589
1023
8035
3616
1558
6512
7196
9650
9750
2149
9163
5937
3347
3468
7879
3494
1961
6289
1181
1435
3986
4515
1450
8669
4482
9611
8909
2197
8904
8224
951
253
2252
9151
2797
4252
2920
4517
7347
1324
9024
3616
6946
4018
1259
5030
1411
8409
9157
1413
9933
6629
9484
4767
4295
8422
289
3246
6370
2371
3867
6752
3703
7001
4054
3798
1044
7424
1983
1578
6522
4708
8016
334
2316
5527
4817
494
4427
8253
5024
1772
4431
7003
2686
9799
9559
7740
4762
4857
1748
5691
7036
1659
7355
3612
5529
500
3932
1345
7607
161
1579
4599
6779
8022
6121
2620
6692
7239
1088
5297
3281
3260
6701
3716
9118
7683
5420
3911
8731
5676
9347
9480
592
9575
6699
9635
2875
8142
5069
9980
3820
1071
2328
9577
238
1936
6346
7122
570
2008
7413
3815
9300
1720
7999
4689
7800
8270
7390
1573
2598
9185
6583
1749
8377
8844
5449
7589
9216
5276
5866
3278
363
1531
1182
8286
7501
6552
6443
8566
8186
8282
6531
3129
8774
3234
1065
953
2051
368
1292
3460
6916
4942
2019
5052
4755
8865
2214
1940
6137
9774
7236
7704
2013
7458
1714
5774
8175
1098
6002
7998
7239
5598
8383
546
5975
9095
5709
1686
7600
9493
1381
8173
3724
4087
8130
9259
3040
4561
8844
1710
4110
9443
4663
7242
1969
1926
7199
6633
311
4881
7682
4580
6315
8668
5103
4388
6006
3207
6182
4277
6512
1377
5324
612
8267
2581
9831
1270
5368
4634
2385
8393
9961
8465
4230
7027
8744
9582
1197
9439
1744
3682
8746
5458
4988
1684
9477
6878
3747
868
7347
7045
6014
2864
4502
1451
8050
4529
384
5393
5019
2967
8297
5429
688
2762
9926
4921
8660
7585
7379
3210
896
5369
5199
4393
3916
8089
9514
6238
3892
836
6595
2349
5235
7658
5036
1959
9527
6897
2752
5486
992
920
1906
7228
1866
1131
7393
218
9781
4672
7778
4217
8756
9739
3308
715
8655
841
6431
5620
7810
8505
3371
1726
7530
8192
5181
7304
5457
2359
7810
1214
9217
4791
154
3245
2811
4628
1329
2652
6802
1252
5903
4944
863
1168
8103
7599
8025
6535
5983
4676
3552
9080
6536
6727
2542
7724
9523
7084
5038
2437
3377
3386
6881
1526
1204
5691
8996
1482
9789
3373
9827
3231
7824
7734
5343
6295
9043
1493
6645
2579
2336
9141
4062
7916
8132
958
2688
7118
7215
2205
2557
2752
8586
998
2733
3848
4551
4891
2825
9791
7800
690
7004
1657
6324
2060
9739
9360
8340
2572
3820
3112
1744
7828
8932
4125
4363
5267
2962
6145
9060
6663
9579
6150
3579
5835
805
5683
4055
9924
7381
7944
4369
8572
5124
7709
1519
7178
3667
7361
537
1628
5396
807
6503
9445
5184
6613
1184
6493
8186
4069
6925
3671
6474
9915
5714
2715
2551
799
4057
526
8333
6371
3407
2847
3418
4496
7543
9796
5498
8250
7829
6913
9631
3700
1417
1176
395
1587
9782
1566
8413
9713
1895
5255
7254
3797
3232
7176
5884
2755
4149
3536
6461
5502
8970
2154
8337
7974
9446
3221
6985
3568
3094
1718
2593
7065
5466
4191
1552
5976
4735
8604
281
6042
6732
5817
4203
1326
2249
7069
3810
4967
696
6337
6692
3217
3472
1709
5929
4641
1154
7826
199
978
9497
123
3286
2781
1845
1186
1472
3204
3320
8783
9472
623
4930
444
5076
5690
3083
5645
9208
1747
717
933
2093
5649
9413
926
4508
7294
4423
9942
1037
111
7352
5411
3500
7939
1323
3312
6770
2035
6731
2249
6513
7014
6137
2409
2389
6229
9826
2407
9183
1471
8893
8316
1211
6258
218
5255
2847
9739
7958
8357
7296
9365
9869
5747
495
1282
661
6474
4310
3947
6455
9416
2333
889
7750
2582
5788
1330
8446
2047
1001
6604
4546
4061
8513
1048
4264
9076
4839
1162
8344
984
7445
7453
3744
9470
5485
9078
3885
523
5730
7882
4520
6622
5304
5876
4692
4037
2376
4005
9103
1864
7274
5547
5551
9372
4433
5019
4542
1477
5153
2175
5521
8640
9929
426
1453
6948
2892
4758
5599
1649
250
9959
9699
612
6918
7206
2754
2011
6056
6632
7189
208
8599
6997
8084
208
4713
1108
7916
2170
7032
8392
7195
1228
2660
4095
3668
8698
8343
7037
8594
1066
2109
4222
874
5074
5916
7968
8630
7808
8080
2777
6871
1059
2231
2081
1664
3523
3116
8153
5172
8831
289
3779
8060
1785
5607
3074
297
4165
9577
7710
3963
657
5158
8744
7249
1221
5547
6843
4981
3599
7833
1696
6768
4895
5537
8304
7511
6575
2413
4121
7614
2215
261
7193
9581
556
226
7735
7370
2583
1222
3015
8414
3115
257
6455
9572
7250
5085
8205
4108
4043
1146
643
8911
5195
8778
4955
5311
297
3572
221
5786
4606
4481
9498
8840
4121
8263
6435
2142
2172
2765
2405
5254
9477
470
3923
3127
5811
4457
3387
8888
4652
2796
8905
8784
3313
3258
6092
6154
3247
789
1206
3559
3710
7137
5602
4456
5093
344
1120
384
6892
7249
1988
4792
1808
2054
6177
2565
2255
9680
3549
141
4512
6856
3369
4806
2602
8878
6630
2222
5218
2662
5901
4646
5405
2117
7579
2957
7703
6922
158
1009
2742
3315
5900
2314
1562
1103
583
2043
6513
630
7508
9650
3358
8558
2572
9656
2424
383
4163
3389
8402
6108
3583
2094
1979
3536
1167
1819
3487
4561
7765
9047
1834
556
6159
6434
1743
7108
3506
9281
8728
6895
4422
5554
8216
9516
6135
6710
8174
8833
7387
1786
4222
6364
4169
3249
4474
4004
688
5187
7560
8030
1106
6004
6427
8150
4849
8600
6018
7307
5443
2407
2244
3453
8751
1863
6657
9390
4744
6874
3174
6656
9771
7166
5522
7275
4321
3390
4479
6622
2137
5067
5868
6753
1276
6198
2231
2642
5292
9662
7796
3818
1544
6520
4107
5330
9110
9668
8188
9574
5741
2621
6020
681
6805
4778
9447
5212
1933
7089
3292
5476
872
9226
8512
9194
4139
4906
1713
6322
2472
7425
3227
214
1578
1234
7065
4703
5417
4740
9773
7334
5722
4898
4742
1376
4633
1125
9190
7481
832
7703
3785
1201
9356
9642
5372
5808
6724
1076
1633
636
6511
2082
6783
351
5845
4536
5140
6006
8521
5158
9646
4245
3552
2878
1887
2881
3659
8737
5697
9232
7370
2247
4314
2026
6724
2383
938
9250
8180
1900
9717
6154
3504
7688
289
6532
3260
349
2101
2205
4050
5159
4675
3494
9066
6758
3678
7268
1745
8903
4191
1343
7802
8045
2892
9238
5502
1358
8098
4941
2662
8025
4485
4821
1647
3570
9432
9717
6989
8864
2341
4188
8200
5212
8579
6203
4236
4795
5105
1093
133
1942
2090
6372
951
6709
7042
9975
9983
8066
4760
5376
5568
2032
4572
8795
8017
6473
1732
3868
7540
5825
1361
5684
494
6812
7438
4450
1188
5114
7025
616
5772
1956
4731
2203
1121
7648
6646
6031
1052
5953
1622
8946
5788
6777
387
2261
5962
6531
3110
8752
7311
1032
2898
3429
965
1132
3655
2451
1747
3350
2871
4608
4014
1344
1691
4027
8634
6218
6904
6692
4198
6453
2501
641
4414
6609
3485
4305
2606
490
8100
2143
1608
5032
4160
5199
580
4884
6082
3510
8139
8959
8478
3623
6582
8203
1871
2781
8816
9670
7424
4044
4288
4399
3771
5328
4915
7661
5889
9994
6353
6699
6127
1705
2908
4363
9387
383
8699
5947
7659
3788
3328
1510
4019
7084
9473
484
4292
7409
487
8422
9950
4634
1278
4678
6266
7449
132
8192
9706
1029
9023
5318
7459
8415
9944
4078
8759
2455
8051
2112
1249
7377
2191
8974
6800
7385
6776
4420
6026
6667
4402
1580
8240
6701
3304
794
3760
5600
2639
4830
6611
7326
9894
8191
6997
7940
827
9445
7739
4128
4046
4109
8318
181
429
3865
9504
130
9160
2341
9314
3617
498
4694
3391
9868
7115
1406
8647
4064
3182
6166
5386
5543
1270
2831
3956
419
823
9360
5071
3228
4397
8686
2827
4896
739
8147
7821
6640
6302
8962
7788
5060
2044
1453
7711
5542
3208
9373
7320
6250
4571
5125
2940
4877
9202
8915
1172
1133
9331
3319
6662
4888
1740
4668
4526
5026
3265
2432
6876
2547
8910
7890
6403
8844
9567
3462
4595
4180
5944
6755
2917
5830
4460
5647
840
6727
9340
1676
3300
8307
747
7216
5298
6242
5329
3085
9695
8086
8751
4261
8551
9357
8030
965
9715
3362
8465
8047
8124
1538
4572
4406
7420
952
5032
386
5076
4912
9664
3587
917
4774
6286
7826
7806
2868
5491
5739
1658
5369
9299
1676
2363
1969
3855
6542
3414
9257
4960
2321
3017
1777
8977
5895
3042
5181
9341
3471
640
9408
7232
318
4948
9988
7829
9713
4491
7609
4162
7477
644
269
9285
4801
2443
4546
726
1553
6642
3913
7757
5282
775
2485
4635
2750
1018
8437
7030
240
5843
6254
4526
4808
2562
4264
9964
8908
9352
1086
9588
7406
8982
1868
3037
8243
1371
9286
3934
8830
4669
5980
8467
7503
7404
9378
4995
123
2876
8385
3709
4455
1564
3839
5504
6071
9794
7090
7740
416
7841
5771
1840
6614
5250
9059
2495
4281
7866
7597
1127
1981
619
7040
4715
4986
1737
6581
9959
8926
9733
5430
1718
4410
9207
5274
8985
8641
3311
2215
9265
1472
1670
7593
3082
2323
120
2257
7869
5071
2935
3194
6926
837
7497
1442
6137
6917
3930
2720
8836
8852
9003
2195
6594
8250
630
6631
3406
8577
8580
2401
675
7298
6036
3310
4490
3815
4290
9673
2413
4376
1766
9923
2569
199
9637
9354
4957
1684
8733
6303
7356
2089
5489
2882
892
2328
957
5749
5150
2800
6778
3095
4983
5551
8095
4188
2102
9044
7551
4340
5799
873
3984
8930
4994
5435
6318
2384
3835
6338
6441
1665
4282
2694
6386
5900
1709
1457
8213
5261
1243
4176
5480
7824
666
9380
2354
5533
606
3354
8696
2215
1013
1471
8887
8456
7815
6145
8527
212
8600
6058
2889
1165
2459
7434
9347
4226
9876
6145
5577
8692
5008
3359
3381
6258
9379
7123
6140
6975
6791
4679
9903
6266
6001
4975
3390
6591
2385
4584
2857
6833
1673
3864
4643
9773
1168
5280
2982
3266
3384
1422
5490
2088
7069
2552
5691
7604
7275
1831
8160
3500
3270
8125
7564
3227
2927
748
7921
8483
375
7170
9084
9373
7212
7589
4140
729
7025
9731
2214
4466
3068
8373
614
7466
2577
6478
9511
6969
1040
4302
244
5544
8805
6421
6028
7833
5662
7998
3020
1596
318
7351
7303
1591
1472
7229
1264
2544
7584
2605
4669
3144
957
7951
7704
3185
8938
9892
4777
2289
8355
4802
3944
8609
6487
832
6432
2887
9286
1781
4537
9949
3345
7067
5481
1846
4319
8073
187
9336
8451
644
531
3832
119
4746
297
7225
6323
8237
1750
1468
4766
5002
6490
4275
5129
1999
1246
5702
2112
4077
4050
2802
2163
9744
3973
5286
7773
4726
7693
9013
3978
4249
5964
9055
1111
8601
3448
2877
6865
967
779
5630
1669
2935
3170
6201
110
6031
2185
7570
2098
9639
3370
8749
5854
5626
4187
3618
5328
4640
4117
888
2351
9123
8933
3542
7545
2951
2378
7702
8390
9574
5205
2555
1353
9809
9862
3557
9306
4842
4944
960
9672
5428
4703
6475
5855
8114
5931
759
8771
3658
5904
570
3942
6295
4787
7650
4366
8287
8493
5989
731
7905
5102
4313
3394
8889
2924
8562
919
8964
9763
3613
4104
5601
9701
3389
8249
8066
2358
932
9142
1838
7321
9764
5721
8545
3372
8369
5488
8833
208
1613
4113
8351
8770
9338
6780
9712
8689
4934
7785
5471
3677
9041
5221
3484
7157
1174
1609
2551
6713
6046
5339
6520
1721
3282
9604
8789
6645
1217
9727
328
8964
7933
6284
2706
1938
7387
1902
6040
3249
7654
7873
212
5325
5574
3882
1217
3525
4100
797
6276
4029
2657
928
9104
2148
4448
5304
5521
5769
272
6931
5667
6790
3086
9403
4185
5663
2805
6625
5922
3182
5375
7343
8685
9343
1104
2080
3826
4300
1596
6737
2981
5614
5217
5971
830
1565
1968
7189
1580
1179
5594
7891
9730
3889
1459
1853
4084
2903
6503
8327
1029
5141
6107
1507
9027
9515
1905
1624
1835
841
8349
4066
9309
6060
1371
9786
2464
6194
976
8187
2292
7714
6882
185
6328
8921
3024
3707
5688
6628
9021
9371
249
118
4547
962
144
2201
831
8394
4560
5391
5627
9827
4947
2725
806
4757
9143
410
4729
1918
6229
9433
3936
2774
7455
872
8254
4694
7629
7717
7902
1001
3568
2155
3491
5269
5950
4975
2214
1671
4641
7380
9819
717
7337
5833
707
7520
1804
5731
7498
1405
5729
3835
7262
3576
7190
6757
8414
2508
5435
5227
8162
6246
8412
9646
2861
8148
2155
9377
6625
5161
3482
1414
1296
3531
6586
2832
8084
2548
4141
5866
2760
2737
291
1153
7354
4744
931
9836
7353
9563
603
8179
5237
3766
3735
2915
324
1906
8232
7725
9328
8547
1544
8804
3391
8469
239
2000
9665
5658
353
1388
9634
3345
3798
8049
9138
5004
3236
5336
5973
2579
4622
4192
9019
5601
146
5286
8693
5384
8090
8112
8028
5851
4100
665
4132
8612
749
3485
1899
8441
8972
2864
4389
6459
5462
4839
6854
1106
916
8697
9553
7316
7064
4892
2775
3040
8533
4708
1956
1985
2890
9291
474
305
1027
6203
5190
1761
931
207
3198
974
7051
1821
7532
9338
9399
2944
9274
6929
8450
5463
3581
9416
9495
6146
1459
5843
892
7193
3770
1272
7390
3585
1407
8047
2470
9219
2510
5418
6734
8074
5059
2591
7807
1728
2536
5797
9636
173
9032
6788
3420
5117
1316
4697
6106
9963
7278
4644
6927
6632
119
3410
5926
1328
4549
8993
1887
8513
4660
8718
881
8403
3792
5329
3077
1124
2972
3880
8243
1025
9026
375
9596
3951
5162
3907
4252
7968
3606
7073
4612
576
1190
7355
6038
2768
1848
1723
6129
8795
5848
5105
6321
9943
5578
3437
8796
5443
419
9865
4144
6309
2455
8461
514
2496
7649
7494
1690
281
3211
589
6805
5275
7255
1035
113
217
6729
828
7572
2380
5340
5253
1191
8308
3736
5194
7371
5895
4143
3131
3462
9964
8360
4517
6459
5464
2755
7458
1496
6172
9129
5778
1233
1787
7085
434
9636
4516
5080
1886
6883
7863
2026
399
1952
1595
3679
4889
9318
3869
4387
8981
6714
2099
9271
4479
6641
6385
1430
1107
9626
8560
4747
5161
4018
464
5703
5043
1120
2140
1451
5215
9259
1419
1424
6147
3204
3148
3150
1873
351
2152
3718
8473
4447
7125
7086
5604
7799
5666
4308
5093
7965
358
9068
6560
5927
9345
6806
8950
9138
8710
8952
7030
9537
4622
1265
4418
7787
2761
7102
3011
2637
9196
3587
6657
2757
2305
7638
2509
8456
4616
5497
2649
4398
6246
3292
1127
2134
1667
5212
7604
3716
9936
2083
3238
9496
6979
2586
8697
2665
8808
3344
344
5484
5648
8737
4754
2355
1307
9017
4669
9154
6023
9554
1090
7150
9622
3723
5586
8641
1289
8157
5535
8481
7989
6628
7273
6952
1043
3440
1938
4311
6487
5148
2938
8332
2910
1815
4152
2065
6336
8915
3224
1184
6435
9852
1788
8218
4917
892
9347
4426
1033
7742
1461
5139
3440
5098
594
6945
9226
4577
1549
9279
4730
4286
7990
1777
5091
4763
7426
3762
9303
1273
4569
7993
5524
5320
1265
6910
7806
4302
683
6745
2772
1033
6385
9411
7945
2848
6714
2272
4031
4326
3914
1013
1670
2974
571
1392
2710
9584
2110
6261
4837
5895
2744
5781
4938
4935
3407
5118
6325
1376
3835
6396
964
3776
6020
6822
163
9145
6568
9319
3784
146
5863
8698
569
7006
9019
882
7503
3111
1533
7030
6233
4429
3811
7250
9889
5557
7928
1663
4217
7657
6796
5280
974
2952
2149
8645
9451
3507
3987
1820
8950
448
8180
9556
1625
4167
1283
1162
1488
7063
1020
6152
557
2648
4967
3799
9943
6297
2054
8322
7525
8925
8422
4190
9848
1133
9110
8436
6786
8575
4775
6398
7886
2200
9305
9372
5200
2409
5415
6731
1077
7175
5364
7275
3778
3549
5885
5398
7019
9417
1767
6808
2576
3145
5551
9639
2320
2665
6924
9946
9486
7199
9516
7121
2857
9122
375
7607
7794
2957
4995
2432
2034
3384
7584
6532
9425
6379
9800
5932
2347
5741
3766
7482
4663
1204
9249
5051
8219
9361
9543
9698
5167
790
6947
6556
2409
8345
6130
8202
1884
3829
6839
1635
8299
7453
1261
9971
5532
5526
3296
6828
2951
5037
5827
7841
7995
8109
2888
4394
9114
4615
9588
6855
7029
7565
7985
4703
3836
8066
7154
5836
8160
857
5494
3110
5072
637
1031
482
3653
9444
4296
7257
2090
4299
4950
1893
8067
5540
8564
8229
7924
9948
8747
1308
8026
8930
2823
9221
3243
3084
6405
592
9308
3953
4176
6613
9608
745
936
202
1733
1576
4790
5623
3470
5255
7294
3229
2807
5940
4240
5150
8617
3978
9691
1751
5806
3739
2099
6792
5391
2618
4308
2759
9757
5357
9529
3063
4732
2210
1565
335
5007
1610
2861
2894
9135
4376
7495
6340
9424
3199
3390
9722
4659
9450
1117
4543
4364
2798
1241
2735
6144
3047
6064
7154
7098
193
4735
9703
559
8296
1924
6492
3789
2994
519
7562
2401
3818
4940
3051
1505
5084
9450
3675
5089
960
1056
9382
4720
4868
7476
601
8708
7448
2186
9485
7339
4041
1778
2026
2460
9453
1011
5312
7572
2531
1866
5253
3030
3603
3401
3067
7413
7510
7297
7703
4422
2156
3017
3891
6366
373
4240
8381
681
6836
7181
2126
8367
3119
1616
4110
5907
6330
8420
179
1699
9520
2133
2059
2122
7923
8898
2435
737
489
6800
4168
1745
3358
2478
9892
5109
706
2806
971
3939
9875
5723
9562
9115
3397
3731
6394
3799
8646
9789
5827
524
2850
2453
4490
1255
7392
5240
9152
2714
8986
844
8995
7255
8187
4714
8362
9706
8249
2282
5369
7558
1197
8849
3623
2341
4293
6903
4870
6461
9976
3278
6501
3382
6253
7225
8059
7358
8197
5306
7356
7458
1828
5858
8349
5600
1071
1793
1072
7358
1669
6561
8767
8684
5501
4918
6151
6946
3229
2005
5703
4801
4370
9212
5363
4033
6873
622
858
302
992
6724
1774
570
3522
6281
9046
7507
1909
2813
6638
3068
2744
1464
5833
7455
6022
2379
2748
8369
5370
534
7415
4219
2954
2755
1795
3423
6700
4916
4038
4360
5432
4600
7609
1629
2071
8101
8829
3733
8900
8999
2423
7224
537
3596
5056
8617
2959
1342
4813
3711
4949
5086
5167
3028
9448
6410
1552
2822
836
4433
7909
7258
7478
9394
6434
8518
9975
1178
3041
5537
439
2543
4894
4821
2712
2993
8936
5102
5035
3511
6773
1545
7818
1797
252
2055
9332
5512
5072
5313
4146
8323
5505
6327
7543
9983
3934
3760
8115
304
7044
8077
9523
6584
7594
9706
4593
2649
2253
6061
9328
994
3981
3614
5018
8897
1382
7140
8442
9458
3506
9821
7849
6272
4544
6111
4520
4872
4860
3074
6743
4282
2474
4788
2547
371
7744
3450
8892
5126
1724
1192
5923
8805
1327
7078
8328
5659
2824
7264
9439
261
2517
3361
4537
4134
8048
6638
6412
7819
6792
9755
5400
7445
9978
3923
1036
8422
3169
1989
5376
7416
6611
7174
4238
9363
8041
3402
1615
3227
9631
6801
8679
3222
6950
2730
5604
8043
5789
4779
5096
4228
4843
8410
9598
4406
5266
1145
2431
1807
6442
4260
4903
7071
7134
6274
1297
9363
5521
7745
1150
3538
1705
1106
6699
1481
6271
7171
9822
4857
8866
7948
2559
4740
5749
4368
1738
6298
3319
3312
5494
6890
6301
8866
5408
3038
4035
7656
9804
1492
4665
7775
7849
8006
4961
7039
7748
2795
5708
9981
3548
6243
9195
2082
1524
3103
9615
5647
8653
3145
2048
6571
4304
3168
6231
5626
6344
2992
3813
8969
1340
2599
9062
8771
3805
6470
2330
1562
3587
5123
3075
1890
3166
4465
9941
2720
5220
6346
6024
1719
1000
8720
8561
9964
5330
2972
4582
7390
3534
3140
8895
4279
499
8774
6075
7116
8824
3548
5715
430
9554
4957
9317
5764
4014
2220
6879
3252
1209
1023
4511
2150
1515
4079
1240
988
5550
9500
6245
6680
2386
4126
5807
5148
4617
776
3316
4379
430
4696
4425
4883
3232
6212
299
1544
1397
3041
7848
7190
5345
2393
3928
4756
1699
7269
7291
8513
6643
3649
9075
726
5787
723
2513
2773
6078
4295
4729
7757
2501
9545
7116
4696
1589
6711
8974
3205
6217
5878
7301
7949
6801
3690
4612
5035
7095
8059
9857
1549
8487
7739
7006
5869
4744
3666
1166
5251
2344
8472
9426
7847
7770
9536
1934
8202
8748
3602
3329
7949
3908
4076
9940
8962
8985
8779
9358
572
5390
9294
8672
7129
7447
1344
4986
921
9967
8817
5594
3268
5856
440
3409
9042
5804
8248
8863
5796
4220
5229
1609
8221
8807
6242
9591
5642
949
8321
840
862
1371
9267
3749
1460
5269
5517
6353
2560
8060
3766
8248
7017
9360
8296
5530
1570
4515
7895
5914
8686
3127
3351
3833
9717
4739
4189
1561
833
1209
9882
1960
8105
1973
9821
7428
7067
6305
4007
4069
3017
8906
8455
4982
3812
9923
543
437
9303
2248
9378
8651
4154
5589
4369
4167
8903
4461
5753
6832
7885
3844
2571
1602
5932
9670
1874
2513
5500
6296
8122
4494
8189
4019
7626
1990
8060
1191
6009
294
9604
7431
9056
6713
242
7724
9046
2711
1364
1892
6335
6552
4476
4629
9359
330
1480
4590
9567
143
5315
8745
2989
2684
4805
175
7247
560
8383
6824
693
2521
1523
5821
3331
9170
2485
4021
4812
2309
2657
3215
6101
8193
3816
4502
3308
2335
1220
1068
329
5630
8122
1366
2989
9995
2325
439
3525
9923
8022
3519
855
2861
1546
7657
2935
7440
1512
8340
2165
5941
1452
5293
1897
1038
9586
470
8885
3275
2696
4651
1032
2438
4202
5184
1330
3946
4409
1774
2776
6694
5346
8953
1967
8427
1390
4339
3114
5417
180
5341
1141
2990
8120
959
2940
5918
6240
4976
3534
8394
3182
5240
9934
5887
7415
4726
8756
6684
5497
6694
7047
3280
771
473
6658
5120
8911
2408
7601
4778
6747
3850
5363
9282
5000
1495
4264
6588
658
7477
7193
5926
9002
6616
1969
4191
5821
3746
752
6150
2404
9861
6468
9991
1597
7290
5752
2971
6642
1542
6982
7352
3572
2460
3233
3750
8721
6103
3441
2479
5313
7698
7588
8008
5217
6319
9749
2157
3090
3653
6547
9020
3323
5070
9001
1473
9058
9351
9898
5587
1084
3103
9041
4901
6498
2748
1774
1536
4430
3175
5983
9423
1139
2809
5419
9213
7075
9806
3087
3588
7330
1774
2480
8559
8179
8531
2720
8225
6602
1470
8930
6847
7482
9908
1254
4702
1174
5535
6245
4506
9387
3159
2436
6261
3913
4613
8227
2193
906
5750
5364
7631
3229
3936
8968
9943
474
2568
432
6492
4146
3905
7002
8633
8277
3283
8976
2242
8957
7265
2044
2198
4904
5805
1292
7111
3023
2117
3059
2541
2712
8723
7493
4271
5355
3362
6544
1225
5211
4893
7148
2160
361
8649
7815
5824
7449
8203
1664
5071
2781
2765
7042
7600
6052
2324
3100
6508
4841
1907
132
9708
941
1813
816
5104
1248
4118
7957
8173
4596
2036
6948
2625
6600
8725
3369
9401
6012
1598
6604
4100
5012
2400
1289
4860
6044
985
5476
3451
1629
5958
3682
944
2077
1856
6161
3797
4998
1867
7042
4597
4309
5667
1399
3930
4640
5467
7199
1888
865
3293
7673
471
4469
9085
4843
1653
1318
8116
8212
758
7779
2543
4064
9051
2406
4766
3840
7458
7116
784
6072
7708
3416
9914
2699
8031
7188
4564
4971
9931
2662
5230
2879
7929
9267
8302
4696
9615
8689
7370
5683
1601
6905
9838
7359
7573
851
5610
2208
3508
2020
407
1651
5030
6556
156
4798
1838
1043
2516
4903
9792
6441
1403
9728
9652
254
5001
7733
526
3797
1010
5728
1539
2723
4196
9439
4643
8688
3082
107
5925
6057
2983
5701
1306
4873
2571
1440
6333
2304
9792
4166
9642
5173
294
5274
4751
6502
2988
670
8813
4081
1361
2044
7516
2523
5577
3504
6565
536
8696
8192
561
6907
8900
8757
7908
5936
4647
3867
9317
2607
4614
4114
4421
6661
7385
1106
8381
8243
827
7678
1589
8397
4694
2427
1541
5647
4003
1749
3050
9094
4052
8447
489
5222
9394
3790
7750
6419
6388
1097
413
9135
2671
1356
871
7648
3989
4545
4686
3819
5590
4506
6249
8525
4485
1718
2967
9486
2822
8367
4301
2120
6693
4694
6569
4645
9645
1236
6442
5942
1243
8251
3721
8247
1014
4521
6569
3150
9294
5693
6500
1873
3564
1305
237
6160
8322
8753
8745
378
8693
9209
3706
884
1122
3718
9931
8936
8149
9378
4565
5577
7093
3543
2608
5456
1172
8139
8701
4122
5855
9274
8943
6210
6393
2679
5462
7637
4993
5724
4219
3825
3295
3244
7637
328
5822
5001
9377
9246
5671
4228
3871
4519
9772
7725
1273
3304
1703
9744
8074
2721
7913
9699
3116
5086
2084
1012
9135
2443
8416
1028
9041
9063
6394
2386
4309
2698
278
3033
5587
1938
151
271
2501
9670
7000
4156
3084
4324
1751
6609
6903
3422
9773
6109
7342
3145
775
811
9629
2251
7154
1329
8053
6623
4614
7771
5390
7052
2882
2139
9668
538
429
3186
2308
9793
269
4496
9799
1619
2871
6494
1327
7527
9928
4763
8939
5638
3970
2229
7198
4302
3356
3562
634
4366
7509
9697
1970
3846
9851
3170
8035
9352
9499
6892
3732
3001
2639
8153
6996
6403
6697
8208
3668
1623
7584
8471
876
4382
7843
8337
8739
577
2348
2445
8418
9290
2853
1971
1910
4485
9509
3825
9931
3262
4234
5853
8058
9963
7720
8894
4895
9117
3886
2971
4181
9287
4423
1672
6853
5379
1107
1261
4503
3904
1854
1610
7839
8646
2931
8980
5322
1157
4303
173
2241
1847
3110
1857
6399
5451
4487
9990
7838
5310
8793
2199
3188
3967
6113
5370
2935
2831
4554
9326
5892
7406
8036
2313
7629
4327
6561
1362
4922
3076
3374
404
3556
4775
9240
5976
9509
5635
9989
5877
5882
1132
2652
5676
2411
3974
3983
7177
8858
7252
3535
1225
5920
4253
3267
9498
9687
4611
3307
1725
6724
7088
1542
425
4609
4912
323
1984
4011
3542
7661
4148
872
1155
3067
8228
1387
8568
6479
5326
4085
8390
7198
464
8828
6758
5108
5876
7482
2148
4625
2790
4123
3243
6150
6239
3453
4345
8934
3584
2926
4044
6188
1096
7399
8208
6415
1340
5579
9859
1979
4306
2146
2127
7070
4886
4775
8763
2054
6810
2761
367
3544
440
8743
8304
6213
9108
6282
1658
3964
2946
1035
3930
5995
9224
209
4886
2883
9625
2470
7802
5454
6150
6457
9898
2880
9426
8153
9333
2205
8292
6911
4708
355
2403
9281
6762
5901
4538
2005
8462
5673
1981
7295
9705
6914
3768
9267
4973
2615
198
5092
1751
8395
7660
9511
8321
6898
6304
1906
6984
8019
1256
4954
4397
5166
5187
8260
8662
5606
5710
3937
5310
437
8862
8846
9696
1984
8153
1588
9485
4470
6575
362
7105
2318
5390
948
3878
2840
8723
2951
6929
6377
820
7711
7991
4610
8024
7503
7732
2248
7757
3798
8507
8046
9633
3950
6492
5983
305
5136
9327
1246
4919
3026
8582
4035
9984
5730
9834
3342
8211
411
4627
1521
1859
2933
1876
1198
421
997
5849
8035
5963
1781
563
6988
4380
4993
7210
2924
3249
6473
2357
9603
7899
9832
3250
9353
2225
1104
8068
5725
296
315
5048
3237
4330
4759
2374
1683
7719
2329
9497
3507
744
1510
4243
8374
7277
1423
9603
2128
768
9755
8057
7815
8858
7794
8103
423
3919
7365
194
3831
2414
2424
8706
7097
2777
7966
6773
7946
9463
552
2101
6770
7919
4881
6708
3104
4958
971
5247
9112
1649
2570
4288
1400
8576
1817
8250
8968
9388
4133
6762
4883
914
8263
1491
3172
2116
411
2440
6386
9525
2381
5943
9448
6153
5904
5683
153
6603
6975
8980
7834
2910
5504
9859
2129
1849
176
7231
2600
1296
5784
7759
9132
2613
6837
6225
573
8473
1558
3959
155
3638
160
8969
8082
4167
4384
1463
6991
3765
7461
8059
8953
4739
3060
8318
5640
6187
2595
6901
2311
6250
4578
9864
6523
5309
6404
3239
8764
8825
7255
5648
684
9949
5695
5065
8717
4227
3354
8840
5809
6499
3795
3538
7667
7338
7399
4462
5532
4909
5796
7950
8274
1810
6094
7524
2086
2539
3905
7845
1693
5951
4429
2399
5403
2928
9251
5294
3028
9034
2245
1317
2810
2856
6292
261
6448
686
9811
8981
7198
5110
2427
5679
7146
4269
4241
1996
5844
7262
544
9625
7412
988
5686
7044
2773
756
4130
4651
5161
7294
7357
5462
4229
3029
8201
5774
5157
9083
4224
9508
6926
1145
6296
1012
5332
5027
1581
7054
7996
3086
9774
4256
6674
9978
5554
8346
511
7389
4969
4379
448
6500
3529
2707
3202
344
9314
280
8339
4632
2759
8163
1831
8675
1555
9480
1896
3191
1592
4009
1187
6686
8715
4318
2243
4095
9437
5244
2727
2612
1768
9675
4909
6455
9768
4322
1010
1582
3333
4693
8526
5934
2088
9361
1565
1861
4064
3410
1237
3264
3036
1329
9466
5031
1891
7878
3986
9159
5156
621
326
5636
4442
8423
9356
9137
5500
5621
2554
8503
6916
2840
9979
4876
3846
7783
120
2725
4311
689
3252
4304
8670
2478
722
8895
5255
8795
1642
8475
8471
2993
1271
5030
388
1563
6822
7253
9406
3286
3244
1299
6988
7019
9500
9989
7920
8956
2369
6554
3984
8946
2356
4379
703
2886
3174
3064
1668
6658
2678
5886
2480
5510
4738
1839
9457
1272
6345
9790
1323
1684
1729
2448
9060
2469
6526
8041
9036
4449
6397
2900
3839
1663
3254
9239
6687
1885
6105
1918
5089
5107
9187
771
3203
8149
6701
4108
1891
2593
7951
2390
535
8606
9267
8944
8122
1939
1740
7163
1538
7213
5676
8638
1516
5673
9302
7596
4503
2973
9870
8854
8261
5606
9687
9133
182
7703
6175
3639
8216
4977
532
4312
9771
3107
5229
1605
2731
7534
1389
4853
8592
4175
863
4291
6173
1100
4381
9516
6117
6385
9893
3254
5563
8773
7111
9388
6678
4291
2785
2266
3777
9244
9199
2344
2141
220
682
6700
3402
7525
7600
181
6142
1187
9321
4595
4482
2205
3944
2528
5894
1894
1473
1605
9605
3653
5941
8188
9450
4440
310
694
4952
7051
3077
465
5295
6341
2286
2808
6026
6523
3040
2319
8671
8452
430
4177
4752
7945
6678
6556
9401
3004
5914
2238
5834
9485
9223
3759
1535
5323
6330
8068
4299
1331
6251
2897
5971
9955
1488
5473
209
3963
8000
3811
3690
1696
7136
5616
6526
2573
9670
3529
4097
1977
7476
5265
6909
9730
8094
1796
5658
8564
5918
8789
7612
6461
714
1551
5838
3881
8166
8780
1459
5720
7510
5637
7207
8231
6761
8776
2541
2562
659
3253
6499
5815
4534
7188
8872
1656
8809
6082
7694
7140
6786
6467
8591
2805
2218
7537
9623
1928
7868
3673
6770
5412
7920
7256
9341
762
1366
1970
6244
2944
9869
7977
4150
8652
5668
3491
2795
2307
2261
9869
1255
7602
349
6061
6943
7765
6917
7895
5744
9843
7546
116
8272
7303
2634
8763
6629
9064
3000
5887
9145
3071
4359
718
4101
2225
1099
9320
5467
6634
1286
4224
8481
1311
3135
5671
8105
9345
2935
4428
7592
7816
5969
8054
7937
9219
7494
4797
4712
5699
8585
578
3840
1848
7742
1166
3521
2680
487
2537
8484
2482
7353
7161
5912
5164
5471
1097
5864
8960
9624
2497
3082
4951
5241
2477
4019
4508
6464
8298
4135
8074
916
7835
7402
181
8973
668
9010
8921
3383
9905
3008
3449
8107
7925
8825
8585
6264
1533
9186
8670
9011
9010
4673
4374
2616
6407
5838
2044
8687
3689
2190
3719
1716
8799
2437
1545
6271
8480
7905
8601
9870
513
5039
3276
6985
1802
668
9856
5715
3948
2456
1737
3211
8875
237
543
1184
1206
9201
962
5575
176
5997
2692
8006
2642
7399
5550
6470
2192
7991
2658
2051
2752
6050
7071
9782
1106
7929
4649
9906
3998
2659
8471
5645
3387
7946
4994
1165
5077
9905
3651
1666
6175
7499
9345
4166
5960
6191
4550
7979
4776
2444
389
6111
8493
8878
2880
4150
6804
4501
2548
6428
6193
3439
1288
6273
6452
3954
2453
1458
9875
3589
3832
3034
1714
8927
1595
2021
6898
9346
8761
1924
1510
7048
2707
5953
5837
2839
3984
627
6414
6716
4111
2616
3735
7364
6758
9476
5268
7770
3372
6358
561
722
9562
2031
5014
6989
3695
6493
1700
8838
5132
2256
6452
7673
233
3763
1019
1135
5322
7248
6995
562
5130
1486
1160
4364
7861
4078
2509
2565
331
2718
9449
7934
3156
2709
7334
1930
3630
6474
389
5559
7820
7949
8565
8718
6520
4182
1030
1269
5397
1936
4334
9876
803
8744
6019
3017
2695
815
3927
5496
5009
8242
4451
2101
8631
7686
8349
8841
166
8359
5013
1963
5767
7804
6199
720
8293
3242
3665
2515
7115
8196
322
8099
4949
7865
6884
9433
1418
1701
3845
2246
2539
5838
2419
5094
6459
3929
8888
7221
9012
4486
1537
9281
2457
1000
4163
4229
6691
8299
9309
7699
4914
4569
5312
7800
1682
4850
2693
4175
8630
2846
3006
4317
3206
5620
3638
7446
9440
5504
9792
5407
1776
5256
6359
8484
6117
6478
7903
1962
6932
8615
5548
6886
5722
8642
9127
2464
8613
2736
4287
1079
8955
5707
7009
9287
8264
5082
3184
2533
8426
4634
5246
7887
7740
9170
5042
2451
7966
1562
6760
5708
3416
2392
3133
6968
8075
5670
4366
4591
7289
4580
4517
7366
3767
5598
3694
4462
3881
6875
5487
8559
1765
4949
5067
9095
1261
6612
9766
1016
8460
1643
4434
6610
8084
1316
1428
7582
9276
8909
1302
7854
3101
1657
7575
3315
2665
8915
1196
2050
6073
9812
6478
9244
6535
2240
9926
7252
8415
2620
9451
8955
5601
9021
7824
9959
4230
1487
7283
2515
6588
9869
6061
7171
9307
8968
2436
8091
2521
5154
9162
9330
1658
3307
4125
1605
5354
1148
162
4731
3341
4606
6727
8828
940
3334
9498
7820
9358
8304
2773
1347
9246
6722
4634
1694
9520
7749
7198
5066
2562
865
5532
6691
8830
8126
6181
2936
5752
8550
9336
9606
8784
7315
3395
7934
9429
5421
7990
7384
622
497
7821
8531
2136
9825
232
4620
6439
1361
9967
7533
5088
391
423
4133
4238
4737
4987
7526
3710
7442
1806
880
1324
3576
3295
3454
5872
5938
6426
5546
8862
6744
7259
5718
3146
5860
4884
923
4078
2460
1940
4870
316
5983
577
1799
2795
5043
1649
5139
6570
6603
386
4865
6681
3274
527
6937
3135
7567
258
6634
7237
5113
3703
9225
6579
3821
7383
9256
8277
1775
7146
9607
9550
7991
7210
3890
552
6972
2621
3554
7895
7445
7377
1328
6085
3779
3065
3631
5122
6100
2412
7677
2276
7846
139
3356
8134
9792
1230
3500
4675
1155
6349
4314
5549
8988
254
4081
8856
9313
1860
2209
8528
5553
184
5271
3360
9777
6439
4989
1036
1752
8483
8127
3982
3478
2772
1488
2542
7957
339
7898
6105
360
7522
5189
693
7759
4693
6203
5912
7363
5209
1499
2705
8972
725
5932
7839
8514
5341
2044
5980
4644
9938
7155
4229
1473
6950
1069
2547
5773
5101
3320
5379
9789
674
7595
6731
5794
7452
1302
2092
2276
4267
7803
721
1603
1630
8948
7925
6810
5467
160
948
7590
1890
273
3221
7701
3404
3238
2798
9883
6974
6233
8984
2965
4746
9566
288
1526
4872
5083
9253
5185
8048
718
8551
867
5135
6778
5996
9298
3519
9458
1327
3269
4392
6970
5470
8837
5481
1391
785
7224
7622
6945
600
8287
8835
8801
1518
2170
1945
5172
490
3665
8429
5608
6175
6517
916
4683
1101
2989
2115
8117
6058
6479
9879
1813
8967
7776
8760
3371
6158
447
6096
2113
9577
6821
616
769
7584
3800
2383
1841
4821
8625
4556
5729
3142
7491
5106
7272
3350
7515
8296
5275
3421
4149
3090
9848
3940
3919
9782
3738
1319
8471
5127
6954
1541
1140
1019
3738
8690
9175
3950
5061
3875
8486
8884
8838
1258
2303
8611
3061
9765
2610
545
2321
4692
8631
266
9495
5992
1836
4853
5874
302
4747
1963
1491
1340
7959
738
1803
8247
8110
8957
3541
8573
6083
4561
6037
7631
3779
1643
2792
9877
4663
6811
9261
9338
4306
8366
1378
5893
9095
8911
8952
8638
9849
5596
9150
2192
5121
8582
9529
8028
2796
7043
7838
4451
4510
5041
1237
9682
8537
2334
2205
3170
4182
3551
2945
5468
4198
509
6248
8425
9863
877
4865
7930
4149
7334
7107
5885
6513
4394
1136
5640
6025
6977
4417
7130
1013
367
3054
6308
9112
9122
6017
6484
2743
5098
739
7124
5069
5472
4770
1787
812
3492
4689
4737
3369
759
5134
4856
5220
4465
2906
5737
1630
5315
4062
1283
6784
9290
7274
4541
9357
1214
3463
6748
7880
5089
495
3340
9392
6079
3674
2172
5672
6625
902
4174
5078
188
4692
1574
5372
245
1791
1354
4582
6430
443
1035
1361
5539
6360
149
2340
2764
6506
6632
9335
6834
9563
3375
4694
5816
4584
5038
8231
6114
2960
528
1378
2662
166
5490
9494
5619
3289
4111
5264
1267
2886
3407
175
3531
2461
5051
890
890
6400
2742
691
7178
9735
8579
999
3809
508
6881
5985
2083
779
9633
133
4555
1518
5379
5060
8654
5205
8537
6228
9365
4964
8392
3908
4419
9064
8206
8881
1618
6964
7406
9810
3779
369
5802
6680
142
7221
2420
6224
105
882
2109
8538
4209
3407
9367
3871
6838
4299
2236
1284
3642
6193
4605
5370
2412
4714
8043
3376
1412
7582
7783
5112
9805
5383
4004
6976
363
7197
9204
1206
8007
8385
9969
5604
9790
9105
9595
5044
1278
9579
2599
2504
3261
6388
7598
8393
4429
3760
3271
8961
3843
1863
6504
9485
4635
4344
5382
4607
9843
7971
2383
3083
2039
3810
5740
4485
4202
6463
143
1547
4991
5891
2619
8521
698
8288
3230
5360
9265
8627
3285
4373
4988
6139
695
9610
5213
1060
4932
4192
3677
7092
3574
7935
4745
2425
8435
7216
7267
6769
6282
8693
9030
9962
8562
7053
6625
346
3016
9147
6932
8103
3380
6873
2671
3860
8539
7277
5025
3087
4159
1908
8440
6518
5654
3720
5355
9159
6531
4189
425
2876
6682
8852
6937
1989
4340
3553
6733
2181
4601
2767
5482
4619
4781
4467
5955
9764
1455
3027
6866
305
2234
9170
9991
8188
6200
4149
1437
4155
2333
3864
8018
5986
7841
1585
878
4969
5983
7297
4907
5607
5327
3468
9296
5577
3966
2953
9354
5522
6346
576
6412
4003
8082
4167
5855
3016
967
3884
4823
786
149
9354
3084
7482
6041
9002
7517
7874
9771
1494
4325
5472
2641
8717
4911
8795
6551
3300
954
3845
6819
2466
3493
4848
6030
2877
9113
7124
2029
1566
759
7044
8865
5752
1343
7540
7611
6798
8134
8994
8942
8634
4506
9221
7993
5190
7969
8162
9342
8055
2104
7003
9096
9738
7313
886
9028
1030
3806
7329
8209
4871
6976
5241
8051
5333
3586
6776
1896
3480
575
1495
6402
7513
3721
6457
4795
9037
2157
3122
3446
9498
6784
6025
8695
3264
6114
1210
8017
2449
2265
1172
1713
8167
5814
199
9001
8307
8706
6195
9819
6653
3340
268
3635
9484
1635
3310
1054
3519
4751
2285
4080
6453
4653
5133
1088
7967
7544
7313
7336
7519
4166
8483
4034
837
9847
573
179
3342
8549
3436
3978
7756
5435
5143
7316
2626
7796
4455
4528
3907
8480
2250
3867
3208
3662
645
1168
162
8741
6308
2644
8698
3217
3104
3799
6264
6713
4066
2625
4148
1222
5153
6374
5497
2164
8221
6935
1054
5794
496
2767
9498
8314
2171
8785
4359
3532
9429
2259
5623
3175
314
153
3498
2892
9898
383
1452
519
7215
4158
1010
6765
1667
1844
5866
3663
1561
7319
2176
9809
8747
8712
3016
3806
9563
516
7390
8349
3317
780
9941
3579
3886
9028
1122
4915
3107
1429
5052
