2699
3797
7424
687
657
8491
9775
1969
4720
3862
6332
2146
9807
5580
7754
1011
1620
3005
6315
5395
4380
965
6785
345
6077
9421
2497
5307
539
7590
3043
875
7220
3117
8308
3029
1966
4468
5376
9207
2888
5262
5185
9514
5845
5528
3050
179
5557
831
1186
8623
7933
7578
6103
2940
4108
6048
4944
2663
1013
7003
9670
6982
9528
1891
6603
3584
7965
4557
6141
3233
6767
6053
8272
2677
1162
2258
1279
9928
7847
4176
9504
1476
9124
2913
7338
3030
4886
872
8435
6377
7620
9205
2695
7882
546
9215
5470
9937
2386
3993
2748
6169
5836
4137
7521
3294
2717
5941
5465
3731
9945
7109
7076
6163
3440
3070
9382
7530
6946
5288
5815
7033
4900
7691
9040
2124
8510
8210
7219
8710
5942
7651
8583
483
4437
2278
4695
8383
9997
3846
7988
2359
6440
7111
4373
7629
8384
9194
8799
988
7592
8180
6930
6830
6834
2828
9253
512
5528
1218
9898
835
6304
8302
1823
5340
4700
9577
787
2451
1507
6549
7468
3279
1445
7991
9557
2828
5139
9503
9766
1794
4335
2421
7000
1471
2373
5308
4661
8434
7720
3885
8417
5523
3117
1512
4121
2171
1723
9956
6412
5559
4396
1844
8484
5251
4181
3251
6214
5063
5017
9926
8427
2869
6162
2415
8907
8044
2516
1705
7043
5151
9439
1667
3413
3503
2546
9203
5164
8767
9160
4092
7315
6207
7495
1314
7293
6743
1202
1601
6395
1103
7510
3483
2052
5195
5132
8008
5927
5321
6169
1203
1907
5320
4273
7215
4101
1612
3379
4925
4764
9993
3426
3910
5572
4905
2206
4392
7900
6104
4498
2945
5282
7075
8984
5612
1533
1264
9640
1009
4391
9159
6546
2253
8330
6771
5942
5286
3401
7358
8518
1600
5707
8862
267
680
2263
5635
6297
5632
6041
8904
8557
1713
2590
4250
1986
6673
3925
1277
2204
4539
7920
2526
5061
9436
5640
5587
241
9111
3255
8113
1867
2473
4651
4627
4322
9458
5912
2437
685
7537
2552
2930
4830
1230
9001
4373
1642
8741
5725
9173
7608
9985
2383
1681
5135
8959
193
9280
3897
2106
5454
8772
3652
5927
3332
4964
2794
2349
1518
682
9350
681
1246
947
4355
5668
785
8624
9765
1567
6499
7860
7652
7978
2024
7595
7087
5294
6312
9623
510
2848
1999
109
7666
7845
5579
4037
4974
1985
1810
8695
1269
337
8443
5240
1727
4043
5131
9818
5361
6122
6953
2559
1884
4516
3017
7476
8989
249
6578
9530
4134
4888
1785
8023
9439
6118
4566
5313
5778
714
2319
9351
3580
618
1942
8403
2264
6455
1707
2061
5239
3209
1189
4656
3765
1977
6356
3593
1433
9643
9232
1976
8714
142
7145
6960
1947
8145
4882
4385
3182
7682
1054
2366
7524
141
777
1462
5902
4522
5769
9381
8208
666
1780
8647
2122
7401
4728
1291
2619
7266
5990
1198
1333
1918
4962
4619
7535
7244
9718
8840
8045
1390
6580
1174
5611
8353
7320
6589
4847
5466
8715
5544
2563
1622
7422
7612
7103
185
2021
414
7279
545
4419
5019
6016
5168
9239
2905
4491
6543
5158
473
1863
3018
2172
1677
634
4014
269
3885
6952
3257
525
6776
8752
6104
9408
5238
9982
2042
5236
5273
4009
2004
362
2562
5593
3473
1265
4595
6679
8915
2964
2586
2009
3798
1753
3183
3226
4573
1088
8797
6022
3856
3437
8869
9623
4916
8552
199
6606
3841
5201
4696
9825
8263
7504
2760
443
4528
8153
4405
959
2126
5912
3146
7196
2133
8311
7836
5580
1748
2437
1107
9274
1945
3283
1124
2114
1547
1485
4982
8513
9472
937
4988
8401
3681
2305
2056
4755
8674
7330
415
2613
3417
137
9471
1277
297
1730
4533
4840
3883
1548
8301
5094
1330
748
3487
3482
693
8605
5559
5170
2040
6706
2808
1717
8231
4075
5480
2576
1539
1063
1639
2200
285
7804
9498
810
7624
3221
6801
3374
7208
6821
3458
6316
4588
4654
1020
8748
5817
6493
904
735
2000
9960
6017
3302
4093
219
9811
5727
4765
555
7938
4662
2064
5329
7260
6531
2726
5600
7708
1845
6156
6506
7590
6589
9427
3516
5050
2699
3312
9028
4115
4019
5324
127
5047
6896
3186
563
594
4635
8966
9131
6943
258
7665
549
3602
2857
4449
1974
8767
1231
8560
3546
9013
7206
5603
216
7324
9456
2877
6508
4152
5017
9023
1418
7734
7658
7321
5390
1685
1855
2424
7612
6691
1511
1955
9672
3072
2453
4880
1538
8828
9280
9665
1392
5380
3809
5848
7454
4163
2466
2908
8076
8386
4555
3440
6822
2593
1797
3303
3331
7131
997
9219
6962
7094
4716
5912
1756
5949
3969
8703
9394
6390
7471
2227
2213
2733
4753
2284
2070
9796
772
902
1821
6254
9520
366
5330
3691
297
9433
8909
8392
6938
5230
1471
8852
6767
7762
5715
1248
5642
2104
7131
4977
2440
1852
8041
5414
4572
7847
6543
366
7410
6117
931
2455
3263
359
1085
836
8919
1407
1450
1576
6479
6890
8514
9820
226
6460
3920
2326
449
480
5456
6443
8944
9356
7962
9013
8210
5105
8203
1277
673
1564
7680
4729
3548
7632
6017
5694
1379
7066
5421
9636
8787
6266
3709
4490
6798
4040
8206
6795
2186
9734
9862
7949
3346
318
866
2894
9165
4299
2473
7760
1492
7035
7940
2641
8736
1836
4845
7782
1751
9597
8394
555
1935
6517
6569
545
3919
841
3154
7029
4333
4216
8838
5977
264
5598
5695
8005
6450
481
4669
7199
1346
6183
7888
1306
1252
2256
4589
2710
8202
1115
5731
3592
5006
6775
7145
8478
8683
6812
9877
3183
985
3501
2506
7621
3061
4924
3376
6837
1666
5309
593
6912
1271
2968
2631
2511
2382
6690
4520
9451
1700
6173
1368
8341
1009
7131
4596
8118
4968
8818
6501
8041
1605
6554
5578
6403
5097
3602
1903
9593
8927
2595
6714
7081
2206
3589
7671
4830
9007
8650
944
1548
4168
2707
4590
174
9300
1738
1080
5151
5574
7121
8739
7544
8191
8287
8060
8078
5683
8924
1650
8327
6110
1007
6792
9056
8872
9922
7615
4393
7945
2531
4563
304
3088
359
8942
3145
9417
5860
4036
2678
3271
7679
2244
8853
6468
706
4804
1574
6227
1774
5332
535
6569
6244
1274
7052
6990
3409
8507
7720
4901
3733
4120
5397
4904
7074
8988
1743
158
8950
6338
4248
1338
6128
5542
1387
8813
4356
7997
7297
9629
1731
8508
5944
9791
1287
4993
8688
8182
2393
3147
5415
3252
8015
6771
8838
4475
6236
7381
1492
8596
9789
2001
8406
2416
6163
9207
2321
9317
7642
3508
7775
6149
4544
5815
6225
5880
8963
5322
9026
7096
4772
8995
6635
4801
1088
5428
7684
3115
3149
5614
9098
4623
8918
3266
8277
1436
5288
3476
4552
4762
5613
8819
5378
5579
1008
915
6321
4747
3370
4596
3281
1673
616
1335
6348
3556
2740
5486
8957
7267
5640
7409
1393
9913
7689
5490
2713
5126
4631
1526
1975
3184
4982
3050
615
6019
8713
2670
5756
5860
7981
4434
552
8381
3290
217
8771
3416
2873
6861
2170
9323
6200
2284
159
4353
8336
1043
3786
8926
6305
1643
5664
4048
8470
9505
7462
6146
8227
2908
2951
8834
930
9779
8564
9756
3232
5071
396
6451
4341
2869
1617
7996
5899
5371
4465
6837
2398
9020
4553
5194
1988
7347
6935
3055
3267
616
9664
8687
649
2727
7809
8768
7370
2784
8890
3707
7510
8094
9628
1411
3212
2522
9937
7022
8356
935
1160
7408
4474
6358
3703
7713
1314
2276
8216
859
3273
4003
1510
3989
3799
4964
8981
2480
6914
3578
2537
8539
7213
373
4984
6194
9612
2269
8209
1415
6629
2606
3550
7064
6691
5948
6901
3581
2538
1661
3234
3479
7732
7301
2866
4447
2752
9952
6067
1476
5778
7650
8005
8972
7763
6743
7410
4509
1282
8378
689
8439
2153
6824
2159
8650
5646
9082
7222
7728
3433
3702
5727
4721
1459
4851
153
4507
2156
3286
1148
6690
6980
4780
1145
7028
4689
8591
5905
586
9177
4882
5636
3574
5249
7115
8930
2819
7791
9658
3390
4985
7331
5939
8473
3749
8087
1739
9762
8016
5407
2220
6368
6874
6306
6057
6540
2279
3615
2514
537
5691
6930
1019
5945
5115
4293
7080
1735
6363
1902
8736
7581
5801
400
3277
9495
5018
1822
5342
4257
1906
3531
1647
9977
6992
6928
4804
6939
4248
9936
2291
5049
6293
585
5233
9511
2476
194
6887
5872
9333
9719
8341
5825
1359
5735
2573
7828
4353
9565
657
253
8189
7864
4613
1586
8755
2859
9706
4413
5023
7272
3317
9276
7880
9962
1513
8452
2114
1420
3042
6152
7903
9359
5993
9460
9405
5210
9830
8298
5167
4077
8461
9988
9057
4254
147
6038
8466
5759
5833
6023
3247
4485
7479
457
1579
7203
8192
1266
2819
7810
1294
111
7067
2593
9736
2853
6769
9412
7480
3852
8859
2629
3397
7163
2424
2872
7447
476
383
3801
1288
4127
4142
1717
3687
9012
8040
1367
5086
1591
5388
4893
1081
9505
9768
3152
9476
3843
8412
313
9716
2084
9313
9777
4518
3320
2820
7111
8629
7442
2847
3812
8576
422
4529
2102
5257
8070
8350
4547
6221
4546
2798
1773
7888
2853
6133
5949
7728
8575
3605
3112
3842
4878
4464
815
5420
299
9695
6309
7687
4597
3082
9532
6087
580
3915
5313
4761
8359
272
2955
3989
6960
9270
9357
1584
6153
7292
7318
5348
2542
3712
5231
1305
8937
3472
1807
8730
7209
3749
4646
370
3172
8817
5097
6418
5544
5839
5189
6242
1844
5923
6486
3889
8994
2945
4400
5532
9592
3773
7839
6587
7019
9259
8127
1346
8536
6483
1617
1999
8284
9053
2305
5250
4774
5383
9026
5962
5143
7652
4562
4863
5922
8442
3587
8423
9504
3257
3780
6016
9695
8358
6803
2011
2653
7983
8977
5804
8783
4343
1030
8805
2781
4408
4998
6979
7852
3861
7753
3995
7667
6734
2772
8174
2025
9042
3203
5279
160
3638
9750
9906
9467
8304
420
9668
2039
3903
9499
915
1877
6790
5524
7576
8005
5827
6599
2265
9297
5219
4779
4661
2520
9328
4116
178
9628
3932
8758
3808
9209
3034
7623
7615
4249
8504
6897
6220
2488
5851
4314
7105
8129
4615
8703
2389
5303
3588
4307
9590
985
6969
4347
8702
4026
3689
1734
9255
9428
4865
5720
2057
5861
5642
4724
7064
8451
4941
2656
2141
9212
9361
3986
5178
1987
4344
8120
7508
2046
8254
1874
1532
6598
4314
6657
7548
8847
6105
9431
419
296
5159
2173
3498
3754
9974
2718
4139
2946
7230
7943
3195
2839
9131
9745
5833
193
4542
4559
5810
4798
5335
6757
2428
8216
292
1365
7197
7472
2333
5226
6545
5740
5927
6854
2588
6839
7242
8798
9712
7303
9432
4580
7316
1398
2049
9383
821
3111
6863
1233
3048
6485
1709
4560
1997
3100
722
8547
9697
7695
3122
3543
4203
7493
3745
5806
7984
9843
2442
3904
6515
4599
4822
7232
4060
617
2999
5584
2149
3305
7195
7322
1024
5354
3922
1455
2286
3807
4865
664
856
4727
4035
6035
883
1003
6241
5360
4130
520
9916
8739
4878
4616
8434
6602
1650
6688
3243
1516
8462
2716
5833
5202
6544
4822
8404
6076
7317
2789
9462
202
1095
8437
6338
9562
7092
5812
3136
8897
3710
5783
1768
9695
7544
6606
1175
8036
7260
4235
9631
4892
1228
8120
6985
8647
7472
7999
2600
3241
3161
6757
4222
564
9369
3740
5681
1774
4928
906
7657
3982
502
7445
6950
4030
171
4074
5700
1188
9295
604
2386
4666
9030
8354
3566
7840
418
461
4272
5887
2946
8170
4884
3044
5869
1296
7398
351
8017
9070
520
4086
2484
7818
1041
8230
6812
4917
8943
1933
7339
663
3826
630
1775
9879
5193
4017
5450
2914
2423
1693
1056
182
5178
2852
1650
9521
8029
9628
2654
9504
3525
6912
6370
2672
6031
6357
9507
6168
7777
3676
1996
5118
5684
6435
5770
7084
2400
2461
1763
7170
4998
6042
4176
7287
7739
5491
2817
347
5336
8798
7553
5330
799
2646
969
2539
5593
3542
6341
8127
6615
7996
1235
2190
2182
8871
9492
3670
1815
8815
9368
3511
4927
7380
3813
7865
8630
3777
9089
9195
5713
2841
104
8319
6159
7554
1211
2910
4373
6256
8729
5241
6330
2801
6992
3919
1898
8150
5445
8092
1562
3589
2316
4264
7631
7240
7100
3671
8266
1978
5132
5379
9876
3826
3117
2100
7592
2593
4221
5793
1873
9719
5221
9486
2426
2279
5125
6446
2706
5068
8080
3237
3425
4479
5369
5517
8374
5133
6337
2730
8094
1438
1247
6457
3390
7491
8124
9558
4107
7950
3752
5283
4262
6371
4163
8927
6350
9874
9595
6593
2373
2674
6151
3121
3857
6332
3101
1315
4782
4092
2980
6364
2109
2054
8906
3092
5298
8215
2939
4725
9539
8952
6652
5813
1700
5982
6748
2493
9514
8796
6715
5132
7958
3607
2038
6086
1125
1572
7171
3740
2249
5850
7197
3948
3269
6034
8779
5522
4177
5700
8017
8114
8412
5118
1890
6290
7021
1851
2670
8909
6055
1468
5356
9905
1773
8638
7577
4376
1703
4726
9894
1460
3331
1440
7070
4429
7067
7391
8371
9811
4289
1774
6359
1174
2950
7605
1672
7341
8867
9457
3354
8908
9308
9991
6524
2948
278
3146
9612
8471
4803
6768
4527
5889
3220
8774
8672
3884
9579
7967
1718
881
2028
4275
510
9841
4518
5294
3660
2810
6121
6519
2799
7675
4415
6236
4858
9511
1622
9438
2000
235
3597
5026
5274
5428
9789
984
6618
785
3372
9999
5843
3556
8836
7810
5031
9885
606
9226
7463
8761
3608
1696
1258
7931
7578
513
6737
1925
200
8113
181
1967
1999
4749
688
9570
2144
5475
4099
1972
9774
7970
852
5777
6205
3969
3412
9991
3549
3109
9395
2763
7503
9597
6553
1374
9475
6822
6663
5876
5104
5359
6490
301
6541
4246
6563
7396
9042
7581
6204
8796
2138
6735
7746
2792
9212
7615
6481
5574
3218
1337
6999
4597
6803
5495
2304
2726
2369
4537
5391
9715
5959
3429
5141
2977
1669
2761
6212
8619
4847
6247
7981
4565
6714
7708
6048
8025
8325
4960
3493
9774
1217
2036
3108
9921
8027
7263
6828
4467
4381
1702
7409
5586
1738
9556
4375
5752
8446
7474
6215
6336
1733
5295
5458
6203
7157
8014
6712
2254
4348
9856
265
2244
2354
665
6919
3759
1962
7470
9531
4253
6019
9348
1613
5266
8699
9707
1182
8186
4620
1945
4919
404
922
6545
2661
1003
7006
5172
5899
7250
1432
9470
3379
8966
896
5706
8889
7486
4637
4447
5552
3921
9871
8103
5084
5827
1525
382
6252
814
2176
8802
8503
5995
9085
4258
7893
7528
5701
118
1073
2653
2419
2726
1031
8346
4632
4606
6817
5093
1969
3354
2395
1219
1954
7091
9123
7545
2291
3247
7762
6314
9716
1884
1899
4372
1904
642
2014
9648
834
5718
7812
2649
4917
3179
2381
6588
7424
9574
2168
9364
9553
4123
7091
6702
7934
5911
3387
7842
4635
8756
9252
4735
3851
8806
1804
3787
2226
4230
826
2800
922
5216
3242
4678
921
5614
6032
1643
9017
7005
5624
9843
8553
6206
2224
6157
6553
6623
1586
8744
2692
7585
5984
580
1501
5545
9998
7674
3256
1465
3006
4274
2867
1288
7558
9843
1112
1469
2740
5740
2585
6138
1508
2785
4546
1532
8872
9426
6533
2145
8413
6846
295
9917
2201
1173
2037
2967
4250
3134
1344
9559
8657
3491
4651
9491
5108
7164
8299
6389
8082
7465
3885
9682
3006
5891
9731
5499
242
9221
7877
4273
4249
5945
9950
2592
2187
4645
2865
5127
1508
8855
3949
1170
6097
1064
5890
6088
9288
6553
1492
2461
4331
8783
7857
4336
2405
9176
2550
7569
652
5658
1958
2711
3939
786
6996
7451
5534
985
6603
3209
7706
7717
6396
3029
8427
3225
5606
7482
5336
3224
3632
8158
6727
1152
8734
6009
4410
3377
7002
8092
7562
3860
9995
7816
1478
4834
9449
9939
8648
2840
8883
590
3843
8540
5292
2309
4858
8281
2798
9444
8087
5348
4808
7795
6007
9794
749
6833
5697
9388
7178
1834
9836
8150
1299
5168
2476
7908
1807
5474
4393
5885
9743
4021
950
2709
6599
9267
6743
1865
3829
9295
2957
1073
6251
1769
3835
6690
4866
8635
4264
9518
6204
4696
8927
4636
6016
9696
8389
6990
5908
8961
9502
1009
1375
406
9731
6550
9641
6738
1854
3467
6022
8392
531
7292
1866
6073
5310
5088
3280
9436
4901
6181
8575
7999
3040
442
1895
7582
3468
3820
633
8835
6494
4041
8536
2996
9306
5363
5890
3356
9847
4221
7740
2659
1719
5565
5330
4865
8816
2657
7505
2751
740
6703
6753
9147
2958
830
7657
9433
8008
2034
7739
1405
9215
4736
8665
2026
4473
7732
3647
7524
1575
3564
9844
2913
9612
7369
5410
4847
8354
4379
7950
863
8258
1417
6698
8255
177
1880
5941
1153
2190
6039
2584
9693
9385
4885
8252
4447
5283
3851
7556
7963
4121
943
916
6591
9169
4707
2757
5292
4369
8899
2850
3057
3097
8098
3367
2596
750
5297
4283
4355
9870
7287
6096
3240
2251
1429
4865
1435
2191
591
4683
6403
5312
8083
9373
5887
7806
6064
7624
9176
1969
7487
5841
4469
5221
7530
2249
670
3633
5680
7883
4687
5492
7031
8015
9063
6985
7808
1428
3559
6526
4295
1073
5944
9187
3646
8520
1069
8300
2327
5393
6661
2393
6142
8993
6185
2779
1859
3465
4321
4514
2088
2651
9958
7840
5138
7186
5431
1843
7023
7194
3309
7672
7531
8294
5612
2378
9756
9021
3452
1472
7015
5222
5796
3209
9050
5297
5233
1815
7839
1638
6379
8214
4739
1036
3814
4271
8371
8893
3392
7791
9828
1534
8948
1902
3112
1982
4507
616
4346
5540
8017
3340
8869
2644
4549
5981
3786
4545
3322
5356
241
4206
967
7836
8142
6699
2828
6328
9208
3169
573
2840
8730
9523
6494
3071
5551
3419
9287
587
7304
2407
7272
1004
4969
1787
5940
8074
7206
8856
6635
6352
7412
2279
3786
8957
1047
4217
7672
6415
4931
6502
2521
176
6563
5424
9693
6190
6093
8270
4488
4144
3040
9861
7182
586
5286
3476
7901
5945
6211
1491
9524
5520
1360
3109
9205
6967
2166
6211
5381
8301
5955
1558
7738
8615
6468
5085
6210
7524
8797
5091
2049
4483
7489
6880
2295
232
809
1281
792
8463
9987
8695
6701
4909
7422
2683
2440
4407
8589
4666
7941
3178
3660
9243
2615
2412
632
8618
5259
7849
3388
4952
1764
6703
9848
8838
3986
5900
8210
3389
1497
413
8239
7815
6288
7648
5562
4898
2011
3752
3175
7065
4814
2113
4310
2028
7042
102
114
500
1375
3638
5956
8698
9395
8576
7165
6248
9031
4126
6979
9835
657
5999
9583
1637
488
6912
3021
3134
1904
3664
4259
1425
9691
6537
6524
2943
5955
3799
6898
2004
1369
9942
272
7179
2281
5999
2929
5664
3801
7658
2991
2581
183
1002
1480
640
5858
5326
6763
7811
8693
3707
3056
8833
491
4229
464
9078
7175
3770
7006
641
7877
6393
1693
7673
9579
5549
6572
9981
8628
7394
7769
4776
7041
8888
6066
8456
3825
4600
577
8208
5481
4307
1450
7049
5973
7524
2879
3137
8721
2858
9461
2315
8264
5886
5466
9229
2294
1111
6508
3556
5760
8492
8113
7855
2047
6350
1885
8779
1976
5345
1107
3234
8320
6254
7203
504
5485
4492
4860
5620
2367
2015
7600
272
9521
6785
1000
1083
723
5088
1333
9749
4747
904
4809
5736
4778
9761
5915
2590
4384
1777
4082
839
159
3961
282
3666
1260
8650
8635
7144
9926
6537
6204
4885
694
5988
4930
4750
1655
6391
2957
8253
640
1511
4291
1470
7734
9121
4263
8559
6345
8069
5355
1747
9540
3335
5218
5008
5543
6258
9178
7619
4428
6377
9808
4304
9706
4659
5863
1661
9037
2034
9262
2377
8899
1397
5648
3368
3992
5550
2640
9234
2751
696
464
8851
760
5688
2943
7911
4001
7305
1068
4151
7127
6188
2023
4198
6657
8933
1541
4571
610
8743
1189
8118
4056
6322
9907
7909
9136
3025
204
7939
4911
7331
2943
5724
4913
3094
3399
8324
9629
2462
2477
8872
7572
9707
352
8484
3852
6108
6260
7389
3954
3300
3784
5038
1852
656
7153
2943
1671
6078
985
3224
3668
517
5846
3308
824
6244
4917
4895
3946
5181
7250
6452
5758
7761
2666
923
5910
8795
5087
2622
5466
9564
9654
6096
4965
3556
8393
2825
7613
5431
6309
2666
2186
4016
9315
9166
6525
3335
7909
601
1856
4100
4450
9748
4253
2810
4758
1000
8044
6977
1125
6909
4076
4566
5673
1688
4299
5660
4778
1262
2041
4826
9881
8278
3095
7462
3963
5170
627
907
2045
4104
5869
5896
4986
4218
4814
4564
8718
1716
9934
8421
1783
4201
9633
1327
6879
6907
5152
7760
3743
3072
4562
699
9853
4561
9697
7812
1191
7687
5124
6339
3452
118
2317
8924
441
8676
6330
4923
9364
4738
7086
4540
698
4140
2777
1789
8960
8476
7679
6621
3869
8952
1399
6000
9525
188
8739
8816
4872
4156
5046
5400
7385
1188
9616
8985
5827
8141
1880
3278
1685
4263
4410
5884
9803
1531
6281
4651
1975
6563
7279
7556
7199
4052
9911
6729
7672
793
8819
2187
3576
4386
3407
8532
2444
7730
1874
6255
1718
4884
3871
2082
7369
8449
2121
5459
5150
1434
6390
7899
9554
2709
7127
5226
8777
4651
9786
6542
1088
3926
1840
7339
8271
7701
3572
8935
6042
8785
1268
3002
4098
4589
7346
9451
6576
870
3530
5419
9705
3223
2480
3865
2055
4449
2558
6965
2004
8588
5840
2857
1562
7326
4769
5539
1984
3244
6265
4593
2951
5546
9724
4431
4017
2545
4023
5524
3403
4691
1454
2280
1289
9251
6407
2869
823
6973
772
1935
8166
663
8996
2951
1592
331
5912
785
2348
2558
2415
4837
816
8167
6108
1743
9856
3517
6145
2658
4505
4565
3474
5645
7585
5023
2263
7191
7819
1616
3959
5893
6929
2557
1232
1657
4001
7939
1688
1599
3696
3649
793
5746
311
4217
7065
8898
7405
8624
257
6968
1711
3043
2115
2682
3086
6781
4479
8296
4417
9838
4383
348
9930
8383
3598
2572
7443
1595
3726
9716
2321
1502
8071
6096
4143
833
6985
1947
3603
3782
8509
5860
4697
2056
6862
3340
1253
6823
9119
3244
8456
5215
6273
2279
1899
2731
6124
5959
3856
7273
3049
770
9101
6599
7084
2138
1736
8813
7988
6198
3790
9869
6247
5654
8071
8888
5894
7618
1148
1026
9178
3065
2536
4198
4685
4441
2582
7155
2363
571
1873
9333
9532
4304
1805
5202
5626
4778
1502
420
291
9530
8950
8175
8859
4320
7645
6173
1348
6771
1528
9142
9800
4365
5184
5889
1109
9584
4039
6994
9425
1804
7754
9287
3479
1881
5507
9344
7410
7362
3719
3322
8732
1299
8351
5184
6184
6011
3617
2837
8754
8146
7764
4669
3931
7808
5882
147
5299
6886
9532
7298
3366
7502
7873
2033
5236
3727
6309
5225
8694
4984
4438
1367
6235
3914
1097
5177
8414
8307
7434
9886
3050
265
2105
766
9900
6200
796
2895
4294
3647
2114
4242
5246
976
9714
1484
9444
6156
509
6416
3358
6758
1839
606
960
6824
4877
6621
9518
7126
2782
4985
4262
6107
7081
6246
8376
3231
8000
3999
7030
6612
9763
8927
1248
1488
7820
8885
1801
7355
8040
4240
3180
9401
5002
9258
3690
4109
7864
8762
135
7751
8815
4889
4161
4828
8382
2453
9107
9583
1452
7217
7100
2031
5751
5545
270
974
4515
7558
8265
1340
4335
1903
6867
7491
1973
1456
9585
6310
9373
6706
1002
9909
6155
8816
6285
4240
7661
4693
8559
5601
4346
5044
611
3985
5644
6688
8161
4727
894
6470
1568
6527
1171
4367
1101
5921
5700
2429
3296
8914
261
4630
2531
8474
7331
5950
4616
410
7093
9463
2652
6749
1547
6139
3247
3356
5534
7879
5732
7076
6494
2153
7803
6585
4425
8078
7251
6756
125
6138
6993
4783
1403
8316
3999
9284
9482
9689
9982
7876
9639
1007
8154
4874
636
1436
5187
4784
4530
6054
8347
9191
5114
1029
6223
6444
7660
1306
9417
1873
9704
3834
6825
1054
6269
2355
4098
4163
6607
4295
3219
3121
825
1214
1463
2297
5054
7803
1782
9620
113
6647
6551
3919
8696
7150
8519
9084
6626
708
5159
533
1232
3078
6581
1971
7471
214
4390
9308
3800
5962
6848
8858
805
3238
5297
6061
4846
9273
4773
1345
2489
7349
1741
4346
6857
4494
1567
4931
2372
8460
3094
8127
9000
9610
2362
6380
5948
7223
3286
1928
8177
9968
3182
8256
5365
9065
7090
4143
6818
1986
4274
6148
9687
1344
1800
8037
9599
5383
2128
2289
4995
8792
1134
7327
3047
9364
1845
7566
7421
3704
1792
1022
2293
9639
918
4931
1453
1703
3407
3403
8927
4866
1840
5032
3936
6607
5484
6562
2267
464
7575
4724
2377
1006
9246
6841
6520
5106
1757
2627
6002
5931
2176
5529
8428
9936
6906
6035
5759
204
3208
3804
7833
9164
6546
7268
2275
2868
2632
7629
7014
1961
5222
2682
2730
9382
1542
1542
5006
9881
6723
9866
8874
7482
7981
5563
890
290
9504
1027
2559
5511
452
7701
7767
6662
8894
5262
1791
7967
7081
9338
1398
9641
1559
4486
1656
2056
1683
2508
5486
8757
9489
5741
9797
3991
7425
6026
8713
3399
6217
1123
1066
8745
2377
2763
552
266
6826
6510
9647
1098
753
3822
7844
2779
4559
6037
6150
7070
2264
3692
8194
6167
2520
6014
9876
5929
2092
843
1103
9198
1149
5195
6491
8856
1803
4227
9100
1264
7513
6931
6516
8237
3003
5404
9394
562
8959
5607
8793
4541
1945
3523
8319
6761
8107
336
3848
623
3558
8980
4508
3894
6992
6833
2174
5345
2869
6512
9103
9460
9599
218
1953
2622
6605
7002
8930
1563
6715
2048
8032
1815
1824
1233
7877
3193
4886
8628
663
3304
2561
1271
3954
9703
7148
6902
7335
5009
2143
9920
8464
5432
243
1439
929
5418
1800
7423
9970
4723
8591
5056
8433
5154
6017
1726
1386
8167
3531
8178
1665
2391
702
5002
3526
1719
5205
7561
3259
1647
1374
9797
1842
1252
8663
5542
943
2142
1302
8355
1367
1077
9297
8425
4759
5648
6949
478
8897
6837
4674
5608
2767
4369
3639
5248
2811
7216
2345
6716
7684
1126
424
2435
3964
8358
1605
4116
4158
4431
7733
6439
1246
1684
8637
5953
2192
7492
7422
7687
3537
8244
6938
6607
3178
3367
895
9597
1658
3790
4081
2127
247
4218
9168
1164
9841
6556
3150
7895
5039
5913
8014
1399
2505
7843
9902
6079
9435
6179
4995
5163
410
1729
386
7830
8338
3297
9835
5902
7258
8641
8113
9142
6923
8997
7753
7455
4007
2840
8438
9790
6916
3597
898
2774
3990
4589
7690
4379
1681
6633
695
8149
7554
4597
7210
4817
8205
4354
8232
4739
9639
7498
3047
5853
9166
1788
3696
581
3777
3045
3897
963
6511
476
2690
4862
1463
460
8662
6499
3190
4653
8754
6124
3299
8757
8874
5708
2789
3057
7343
4973
8918
8569
324
6226
5953
3631
3484
4426
1480
4404
2344
172
9865
6272
6677
328
3044
5199
2577
4924
5151
2857
9838
5105
6419
1018
7017
5297
9879
909
8588
3688
3756
7705
2857
9595
6510
6605
8028
6645
629
5549
4232
9744
5117
5603
5752
1198
8160
6872
2525
9820
5992
5181
2595
7874
6464
7120
8204
1066
7083
526
5496
6752
4693
4943
2572
1460
6114
2080
4261
1352
1487
4298
2882
3138
276
4245
6890
7260
858
7682
2999
5296
2317
2831
3179
7705
3445
4593
8261
8642
8353
3607
1096
1847
605
7919
6992
2856
4579
1959
1053
4587
4975
6851
4873
8898
6590
4785
8744
6294
7213
6227
1104
4593
8847
5024
9045
5521
2495
2534
3425
5703
3335
3063
4082
8531
6736
2427
6742
106
9093
8279
2662
8468
1200
1433
2772
1226
4692
2351
8892
9859
3845
2804
7957
5756
7766
4728
9235
5949
3302
8773
5368
3396
1307
8067
6600
885
8799
3759
9680
1206
6798
322
3155
2203
8647
3327
4471
5018
7209
5526
8830
6364
2477
4184
160
7918
2214
342
8205
4245
8006
3369
3127
7209
2702
6152
8577
5164
825
8530
8188
3721
1018
115
3468
247
4448
4810
902
8189
5314
8576
2466
2852
5107
1412
6478
9464
4077
2911
1385
4711
6606
4721
3654
9566
6553
7421
9149
5726
477
6389
6459
3598
8474
4253
1169
8453
3879
812
3389
7679
7722
3595
5401
5679
4700
4121
2139
1900
1181
2035
4610
3515
5882
4180
560
3181
4031
9195
5178
3406
1525
2910
3277
7795
5798
8801
5441
5643
8237
5957
8259
9295
4050
422
9937
5007
765
3218
8715
5333
565
1653
8648
6450
2073
8011
9688
4629
5300
2253
5787
7037
9418
5914
9841
7517
5900
5224
8978
7105
1631
2087
437
6818
4376
7435
1230
8831
4431
5145
4387
6123
5956
3088
2567
7965
5679
5206
5150
4099
9076
7378
7778
7286
7807
6548
1548
3927
6564
1813
9719
673
7995
6973
8032
7945
3677
1513
9395
3906
6248
7254
7921
6513
3082
5968
7411
5359
7052
6024
8744
2342
548
9861
2336
4665
9057
3306
8353
2548
7360
4520
1666
5807
7583
8868
7481
2711
8216
2282
3468
4711
2432
2079
3317
5438
7176
3262
8376
2334
4596
667
6343
1475
9068
9439
3332
4588
9871
591
8557
5622
1944
209
9173
5387
4273
4809
4843
5420
7765
4260
1515
2749
1126
6590
4833
7433
6262
9586
4602
3316
4573
102
9982
6566
1973
8135
2862
9632
7866
400
1430
1232
4013
6965
3716
1384
476
2875
8136
9287
7550
7200
2374
357
160
2940
2242
6637
7299
7360
6006
9118
6364
7514
5486
8093
4005
4201
8563
9717
6082
2451
1798
4408
7008
2920
5900
7514
8873
9206
3868
4650
8634
768
9198
9897
2125
3968
5730
9313
7772
1333
8911
4768
5352
3645
2185
7765
4234
7301
8820
954
6558
6777
4471
9531
2429
6016
5046
2371
6416
2623
4630
7342
8852
8786
7581
9623
1134
9372
6173
3351
4879
4139
9026
855
2461
9614
8978
2207
4096
7946
4870
3529
4044
4589
494
8442
437
7053
2939
7018
4430
5014
3955
3184
2788
2644
3568
5233
5099
8374
1558
6042
6505
451
4467
1358
8161
5871
1467
3904
2980
8131
955
7524
4062
583
3278
9702
7659
6697
7524
3027
622
2530
240
5040
940
313
1755
2430
3703
2073
2872
1468
3064
6227
2785
2044
1269
7721
2688
4761
9756
9075
4403
9067
5104
1450
5961
6874
7212
9157
5654
6554
9186
2346
1314
5643
5470
1520
4549
9559
5800
1112
2554
3223
5785
6352
3211
5633
3437
2068
4979
150
3965
4586
6354
665
2736
4473
7031
6216
7347
7692
5154
9728
8577
7949
1331
827
9063
4688
3040
3599
4835
2058
6400
4541
2183
5786
7572
9971
3326
4157
9809
5005
8911
8716
3702
4058
5997
313
1023
8826
6623
9549
4697
2758
4987
3871
8123
1800
3918
4927
2362
6333
7335
4565
2091
6147
4148
7510
5846
4166
7253
7953
6068
5703
3506
571
5587
1042
3074
4492
4930
1501
6125
4686
5873
2476
9920
5567
7661
4475
5844
5032
7677
7391
3323
6565
6076
8050
6589
6371
7526
8098
5531
9041
3346
2928
7331
3898
6559
3884
6731
3663
4621
5862
818
6964
5883
1042
5330
1134
2128
4590
6907
6441
8105
1118
6753
9451
2482
8882
3592
1225
8256
8422
937
9508
9425
2728
6845
3156
9184
4704
8534
1344
7317
8685
9151
9956
6964
4220
8220
6015
5082
8933
6720
4305
3326
2875
6442
3027
4732
1054
2231
4908
6885
4535
7478
5360
9773
7214
4874
7211
3150
2258
8423
9975
5519
116
4772
6047
3585
6791
5608
9913
4863
514
7437
7922
2151
271
1962
2295
7632
6079
7777
8348
8197
1074
484
7023
159
8343
1974
851
1525
6695
1282
3600
4943
7951
9567
2392
1306
7851
2565
2568
7100
4387
1423
8160
294
2302
2316
6141
2079
5142
296
6710
4400
9302
2205
9286
9468
8602
6487
813
2707
5830
847
4574
2804
4103
5330
1502
2361
8580
8000
1840
8891
3722
5212
3646
2697
2374
4954
9312
8651
7644
2738
2759
3644
4411
3610
3740
1058
5428
8358
5074
8175
3494
1950
464
3237
7957
1843
9023
1905
2916
7465
8015
8302
6012
9352
6544
2835
801
6560
2368
2795
6361
8015
9951
7450
4679
831
8659
3004
7841
8786
5939
8303
2610
1265
6438
4529
2186
3298
5446
8602
758
1967
4163
8284
4897
2916
7013
3647
2367
6493
8305
3604
8811
5354
3486
5400
1397
1919
8448
4859
4873
7439
7739
9519
2146
4416
8485
9929
3583
3046
7561
7986
8228
2768
4669
3189
3073
811
5603
4397
7659
7088
2257
8797
9632
3163
102
3346
3334
842
5468
8723
7131
7926
1822
2143
108
2035
386
1106
4608
5463
7538
297
2304
7328
9097
7086
7678
4197
790
5245
221
7168
2395
2040
2635
3393
1042
2349
9207
4026
6304
6016
6322
6307
6033
6998
5982
6300
4634
6518
150
9390
5391
2855
1929
779
8296
5512
9724
6498
1654
8927
7049
8614
6843
8805
4703
1911
2537
4263
385
1379
6109
922
1009
7431
2912
6445
3556
9922
1806
1881
1878
2724
2896
8011
4360
7110
5600
6081
772
7151
9813
3402
5825
2349
4803
5729
5098
3034
5889
453
5264
1514
3691
8496
8910
2552
6748
3404
3650
6485
8683
7323
1318
7618
1281
9223
1400
4705
2107
7862
6877
5411
9909
7905
6901
6615
2461
7157
9169
1856
3725
3704
1473
9123
7737
3044
7861
4772
6300
8378
415
1361
8023
5315
4617
730
1491
5018
7054
9872
5047
4381
5239
561
887
4183
8292
4203
8041
8210
9553
5961
2698
9621
7084
3502
6191
5575
9633
4090
8367
7372
3455
9674
3703
3520
5803
3998
5042
1482
5257
4867
1027
2040
2509
4124
8369
5811
6831
2767
4015
4152
2763
418
1559
880
8428
7481
6286
5666
4095
9522
7437
641
9390
9967
6769
8882
6387
7424
4364
7147
2135
2588
6847
2035
4171
2170
9154
3980
3944
4025
5392
4731
5678
9689
9352
7154
8870
8720
8358
8629
7697
6113
2966
3722
4576
663
6187
1740
6309
7183
6282
4301
6663
3828
4771
9139
5674
6803
2090
7742
8811
3789
3868
4020
4828
4600
6766
5120
5994
3488
8391
9830
3512
5833
9157
7027
3707
6295
5488
6808
655
3405
5540
1187
5282
8066
8952
7513
7592
4686
8241
6999
2322
5732
3466
814
3370
6540
5544
9716
8183
4702
3508
9418
8678
2959
2579
989
6433
2006
1712
9860
5774
4874
4847
5576
854
2595
9069
9663
1436
8655
8304
3744
7139
3689
2199
1116
1771
2657
4068
476
8214
4233
8476
959
9261
6888
1782
5554
4472
220
6636
3147
9000
2249
5349
5391
5335
6879
6257
8611
7240
4103
6205
4386
2984
1573
4351
2656
1130
2326
6430
9957
8365
9088
2861
8619
6689
746
8507
9469
4689
1487
8299
7302
5661
4080
7407
2862
8154
8087
5182
6073
9296
2210
8552
6198
2782
1009
7911
5373
5280
1291
6347
3251
3825
7725
5425
2777
4710
3434
1050
5233
2845
4568
2477
450
5735
1537
4240
667
1911
8470
4954
3344
9906
4383
7505
9364
1803
5671
2212
983
7467
2895
6186
5370
6985
5279
1117
1277
2317
527
1510
7407
6495
2116
2331
1001
6958
4363
2007
4096
2318
662
2018
6242
4671
4157
4972
4039
4695
6595
7717
2585
4598
4244
8828
611
6406
7996
5375
5620
1691
6878
883
4685
378
4958
3797
9239
7825
5343
465
1455
3815
4925
5297
3266
3712
1515
3067
5301
9678
5889
219
2999
8700
6484
7145
2161
6902
3151
8117
2232
8177
4986
2241
2799
3709
4911
2439
8381
9108
8443
4609
5788
6682
7432
7651
5320
5832
1043
9563
2071
7941
4933
6821
5887
648
4795
5415
1251
1347
1956
3032
112
9718
4483
8494
5971
8312
4356
6049
8172
5170
8829
3985
9799
4827
4767
6381
7177
4262
6352
9070
8226
8819
8078
1484
2487
6077
2554
9160
1501
6469
8038
2053
9876
2969
4888
8901
9998
3861
3069
5567
2665
3706
2815
3625
6366
7281
2008
9423
2023
5829
5399
1788
6283
7326
6194
8638
6857
9242
5784
5385
1100
8696
6288
6989
6160
4652
6144
4993
2154
3274
2511
8748
5959
5353
1038
5253
7330
7669
4474
8945
6912
464
2546
930
557
8151
9750
7650
6165
8976
6309
5119
5447
6612
7882
4988
1942
7071
2386
6877
219
5022
2632
5494
7400
8367
6750
4305
4389
2719
6254
9671
7123
2764
2298
2175
2411
1665
9462
8700
5436
673
6101
6465
741
9506
5212
4940
6209
1558
1527
6513
7453
2378
3554
1297
638
3420
6055
3396
9618
6490
292
5658
9837
9839
2920
3188
8926
7814
2952
128
2826
2283
7134
6311
4286
6676
3435
3632
1313
9420
5472
2566
8654
4065
4407
6336
7370
323
9345
6049
2948
4870
792
6774
7419
4502
8968
7006
7905
152
3087
9386
8948
4834
5374
2763
687
5129
6456
2136
6766
8867
8818
6354
3326
9478
2204
380
7099
1933
2373
9732
3920
199
8189
7003
2117
8511
9871
5922
1353
295
8525
7274
8364
6955
643
7379
1153
4258
2666
4849
3754
397
7991
5865
7363
1447
8733
3764
7677
9188
5067
6405
6041
561
2522
9062
372
5131
3743
3969
9411
8976
3839
1459
6992
6904
805
6983
1703
3697
3873
9139
8168
3578
2231
7863
5198
2257
8187
2533
3534
4816
6039
5053
1263
6063
1565
6077
6791
2611
9150
9209
9207
2609
1982
5516
9142
713
1719
6041
5954
2380
4807
4547
2345
4572
9815
4191
6099
7173
2738
6245
167
1486
9586
2507
1772
4642
9731
9006
8876
7399
2964
1936
6146
6761
9465
7452
6379
3072
2798
6171
671
3026
6347
7845
7684
831
7164
6851
6830
5402
3049
1543
9199
2266
1530
6326
4112
2282
7255
9733
1996
4927
4339
7697
4405
4229
8868
9091
3922
7576
3474
3128
9066
7793
4523
7745
2924
9909
6739
5241
5954
6591
777
6637
3281
2218
5684
9710
9997
2819
2594
6736
3487
3714
4291
3504
8309
1952
8526
1699
2156
1402
372
5327
1892
1192
445
9789
7072
7811
8392
8716
1407
6464
3645
1429
1994
9592
2923
8748
5485
2450
602
1678
8662
5763
6669
7794
8409
3208
9424
9801
9091
8671
7062
8941
3283
6907
5432
8434
9935
9179
9472
1687
9670
5786
1998
6485
2962
1947
6384
5624
7101
6076
1875
1531
6733
6914
2567
4655
5473
6331
3140
7438
5425
7694
8046
4452
1913
5481
942
6250
4337
9955
4647
1121
2356
9523
1827
5878
1408
9737
8158
4964
5246
8275
3000
9082
5351
2339
8271
3771
5050
1054
5203
5207
2178
9144
6220
9012
9505
1524
8876
3037
6339
9299
9559
1712
7893
5808
8612
5857
9936
9939
3273
5851
794
7611
7384
8190
3941
5832
3086
1602
9035
3555
8542
5716
9575
388
4486
5734
9950
3746
9770
1927
8396
9979
9683
2404
5387
798
5303
9684
7326
1814
3317
1832
512
9643
1452
9197
5001
8651
8819
4627
5016
3494
5015
3363
7183
6787
4491
2795
9893
1204
5571
5806
1956
6754
378
2099
9248
1647
9330
649
1032
8224
9194
4472
9431
6391
7940
9453
3213
2158
9885
159
8382
9782
430
8920
1230
5321
5525
1826
5036
1758
4556
3549
6488
2779
8358
8183
576
7308
7021
8382
9594
4379
8572
9948
6816
4005
1435
1700
4195
4521
9803
2219
8407
8799
6447
7210
923
8313
8597
3839
7358
6845
4201
7254
253
3419
5273
2946
1809
4072
8471
8933
5385
2863
8429
6461
727
5318
1019
8857
7674
5391
8017
6785
5055
5864
1240
3158
7455
3378
4135
4669
7484
2894
9285
2978
9486
8774
6082
8620
6373
3351
489
9116
6494
6105
459
5627
8029
8391
3157
7602
7921
4892
2402
2538
3789
8751
4062
5866
9973
746
4479
2391
3982
4106
6464
3681
7640
1083
2624
1808
2248
5337
1522
7313
5270
2841
9223
9944
1265
9245
6982
8469
1539
4558
7125
3686
1045
5185
3177
2948
4484
1749
5342
7263
3374
9718
3113
7965
4756
8489
8644
4039
6896
5171
1584
4100
4548
164
2550
9099
902
8237
7562
4576
3207
3695
1036
7286
4282
3112
3116
6150
4737
6973
4727
717
2231
9888
9291
3585
5062
1575
1250
6923
7389
2300
5032
1026
5956
9921
7796
5991
3221
5695
8573
7386
8204
748
311
883
2722
7930
5312
5138
1514
1550
1596
9526
366
7615
6722
6531
6292
2026
6472
4076
1478
9719
8017
8191
9270
8760
3872
1348
6761
2026
4156
3962
652
8386
9744
1056
7724
3171
1940
6370
5121
9221
9070
3805
6175
4396
3701
8512
3135
8496
7607
9493
9509
9939
2632
1344
8668
744
6993
815
6595
8136
1586
7381
3661
4773
218
3130
6528
4071
8339
6811
7512
2399
1190
9339
5394
8286
458
7086
4904
6843
3437
5331
7999
2965
8614
8698
5906
8825
7863
4000
8447
3298
8739
7543
8799
2178
9822
4705
3558
2302
2471
4097
2732
4664
1017
7691
464
4496
7098
1931
1106
8538
8669
8824
7599
9031
5816
1312
5268
7420
9656
1777
3094
6626
3531
5051
5528
5074
4902
9934
7187
3544
8573
4807
6498
3283
7364
7876
7877
5081
2198
2306
8982
8250
1142
7235
4710
7948
7244
7355
7496
8523
4756
9004
282
3016
5380
1338
8284
7372
9410
3077
9172
3696
4825
5310
8245
5867
8639
6204
5867
4048
2213
1931
6803
6359
457
8392
1402
6966
8379
7279
4438
1783
9804
5019
5217
5394
649
181
4193
9704
6282
3916
263
3637
3180
1179
6530
6450
4583
8040
2165
1422
8073
7799
2679
2812
5928
323
7376
1178
9067
1275
2257
4444
1629
3234
6282
3102
8807
9113
2241
9100
8222
207
1799
3323
3379
4468
1388
9029
7531
9615
8425
4028
9221
6531
2221
2959
7124
8543
1901
5131
5309
2161
6031
5753
4568
4848
9200
6338
3656
2448
7363
5472
8232
5171
2828
3723
9800
6308
561
350
2888
186
1187
8895
2645
3573
9670
7058
8015
3156
7510
2535
3838
9974
823
7708
980
1200
7761
1036
2740
7997
1676
9068
6574
445
5623
8480
8058
8633
4417
1931
4651
6445
5428
4869
4446
4450
3452
2842
8101
7272
391
6847
3160
2073
4887
947
3360
5371
443
9181
6548
2695
9446
7692
2968
4306
153
8081
9315
996
7511
2842
5041
3162
6667
1837
6917
2999
7846
8509
1861
8421
190
3853
7905
1198
4038
7622
5891
8465
4829
9939
7215
3605
8200
7724
1478
431
6973
8112
3732
4684
5349
6003
7701
9327
2639
5619
1210
3015
726
5248
7425
1554
2291
6354
3515
9135
3859
7884
1107
8404
7418
9578
5435
4898
5797
2997
8853
6307
4311
7485
1459
5021
1339
5657
1257
4054
3500
2396
6137
7985
3786
5512
5026
1281
3579
5309
5145
6415
7872
151
319
759
3772
160
9128
2440
5983
5877
7965
7283
8565
4228
1428
7931
3958
7375
6522
9387
7624
2064
7115
1069
9401
1808
7482
6269
7913
5262
8897
2707
4371
1097
5429
2023
8030
5833
1142
2452
4704
7162
2720
9798
2112
699
8657
669
8683
1451
7310
3377
3016
9111
9246
5809
3398
7518
7584
8739
1987
2341
157
2029
9681
5134
4391
4449
235
5923
7347
6047
9969
7383
3832
4308
5595
7471
3093
3102
5357
316
5961
6646
6557
4011
692
8987
4409
6189
4608
6751
3797
7819
5832
7112
485
1927
3664
6167
4540
1300
7725
4432
4197
3428
5461
6669
4881
4884
2507
1575
9926
4411
4936
2802
6454
1388
898
1283
4642
3516
1682
1380
3605
6668
9617
169
7780
4360
5493
8576
5578
9862
6853
2355
5977
4925
4681
9509
8190
113
7205
7042
6543
656
7083
6587
9834
2183
8934
387
8174
7835
6000
9791
6462
9619
417
6677
7754
9333
805
1731
9626
8038
7761
7120
2492
4263
1170
1522
5824
7259
5654
8398
7352
5648
1211
8957
9671
325
5219
6085
1782
5045
7683
8560
6316
5699
460
4923
4093
6041
9976
5663
1983
558
7520
5174
2719
6166
6849
9323
7649
9967
4221
4946
1564
815
6554
2674
1742
9142
7781
5149
3836
737
4949
7178
6860
6170
8523
9785
8200
9482
1164
9628
986
3875
1438
5229
4686
4331
4252
1512
4037
5298
662
5539
6177
3221
2873
6571
209
2476
8709
2236
1440
1762
6035
2299
3604
4700
5924
8900
9417
3989
4203
5294
2849
5389
3371
3520
7929
1238
1270
5993
6668
5392
3551
774
5352
902
2352
8881
634
905
2570
4313
2568
1692
8955
7295
9586
7544
1616
6732
9197
6117
3944
852
6000
5943
9806
5989
7488
1599
5318
4438
9085
6340
5815
2158
3935
1228
6509
4004
1801
7649
5621
2305
6952
435
5955
2300
227
6457
3521
2899
1000
5380
4370
3844
3405
3165
1010
4998
6081
7318
2275
9215
5332
839
8019
3938
3521
8269
6589
2160
2368
5112
794
7727
9688
8403
2784
7018
8630
5454
8464
2233
1880
5541
9994
761
8245
3151
463
7831
1783
566
1604
8607
2686
5753
7315
7283
7689
8717
9179
4473
4793
325
6305
3202
7486
9111
5554
7804
3808
2741
302
8733
3926
9140
5077
2930
4147
7482
1454
9860
795
3904
4713
2966
5413
9233
9426
1482
3699
5805
1097
8382
6362
1136
7051
4892
5625
469
9232
9222
4474
3498
8915
1010
554
796
967
3120
2459
4563
8320
500
2991
3347
6608
5791
8711
1369
3177
8215
3684
618
9779
302
6856
3611
5589
6742
2803
940
3672
781
2384
1446
889
424
302
5485
114
1903
3888
2500
721
1550
5832
5388
4461
495
4314
9317
6140
4351
4650
6267
2660
2374
3958
4404
4037
2746
3536
5597
9109
2919
7397
4814
877
4116
2935
7519
1762
6639
1103
5864
506
8564
3435
1949
2036
3517
1132
2791
7062
4365
4459
7414
5898
4296
5211
2770
4968
110
2984
1739
5396
6649
5428
3638
8615
568
3638
3669
5746
2619
3159
8105
7482
4714
8126
2857
4915
6090
2625
7795
3000
8383
9351
6800
6130
6613
6418
3233
2347
8116
6244
956
7981
5021
7895
8265
1798
661
930
4395
3230
6897
9456
1845
7995
8718
1350
8966
5165
1621
7842
2226
2012
3649
5585
7879
8656
8319
6880
8076
5396
8716
2379
4380
5297
1692
7280
1142
8488
4606
5019
9289
9695
7052
1513
5257
9181
6073
3511
6970
2314
7339
4322
6299
4448
9893
3740
8190
3974
1589
1998
6185
5810
7695
9806
7607
9484
7092
1485
5062
6240
8523
7240
1100
2276
2513
4363
6970
1029
1304
6615
5459
6377
1153
6897
8250
4065
1093
9526
4389
5870
4984
1016
8894
2129
7891
1378
3122
1221
9780
2335
8852
9102
3455
5109
7499
5631
2420
1546
1538
2810
2365
5069
5526
7613
1695
5575
4931
3108
3227
8588
3679
7483
1954
8940
8472
4851
8802
6663
4334
2244
7753
8991
9535
5744
5439
3670
9279
3729
9471
2908
7417
8699
5321
9759
6719
7691
2574
9384
8709
6964
3272
5312
5381
666
1120
3442
8280
1056
4677
7737
4161
9959
3546
489
5682
9821
6947
3433
4128
6775
7634
5162
4999
7908
8178
9944
8047
6662
2200
555
7769
7372
940
5721
7922
867
6022
1566
913
3900
4067
6015
7741
6651
3763
6038
8475
1628
7198
8308
9957
7499
1701
1652
1656
2617
568
8930
7549
312
9289
5591
8192
3181
723
5197
6303
906
282
6802
4585
8787
8322
8203
1694
8804
6466
6762
9493
9330
9202
4629
1425
5793
1423
6481
9083
4164
1719
4105
6807
8979
5478
1055
2601
2049
6761
9568
3591
2868
8018
383
7420
4950
4554
9800
8023
3089
7037
4881
801
1658
4773
4334
5552
1098
6478
3982
5319
8247
7973
5910
3816
1322
9454
7657
1804
5078
9135
8363
6052
4892
5619
3328
7876
7611
5456
6784
2374
3294
1685
2462
8051
2395
6233
6443
2979
1455
2223
906
5033
2041
9349
841
6499
7059
5703
1360
9271
9336
8194
5781
8621
4594
836
9028
2101
5218
2570
1614
4915
4821
4021
8793
3496
4464
6956
7175
4636
9127
5687
7817
4753
7139
7064
8342
7131
754
7248
4006
3152
4308
1619
252
3149
2556
3347
6733
1924
1257
8644
5974
6238
7974
9951
1788
793
2150
6241
8390
4390
7055
6716
479
631
6158
8811
9972
7982
7047
8885
4901
1964
4293
9845
6690
9600
4411
3426
1837
4970
7411
9119
7355
2746
475
8115
1423
4202
549
3849
5788
7889
6435
1246
1971
4683
4852
6974
6447
9026
9248
9454
6480
912
8096
6308
2111
9908
8620
4998
8530
2095
5905
818
8999
8725
4461
7463
815
5635
6479
8841
9229
706
8290
6365
9537
8839
8958
2245
481
3791
4130
4938
2819
4333
1292
680
2266
5463
7204
2280
7821
6118
5332
7205
7416
9224
5808
445
4298
8137
7198
6972
6831
7174
6427
8922
1768
8958
1492
1944
4478
5589
7654
1260
6372
1223
7469
4549
6482
9021
6685
8694
1971
3685
7385
6901
5499
5516
9319
3577
3994
2847
6419
807
6969
1925
2002
5531
903
3042
1588
1584
3208
2863
8699
2295
7192
7581
9315
2631
3747
4755
2642
5209
8891
4903
319
5332
4680
5005
4133
3258
9726
5032
3170
9561
865
1078
8585
8711
9717
5631
2309
7639
6540
1585
4302
7842
8505
8212
9957
2553
4957
6016
654
9157
3149
1291
7300
3746
6703
1823
8123
9668
481
1142
8245
5674
1059
1544
328
8485
4344
4334
8475
7659
9371
2163
9821
7723
4204
377
2730
5336
8974
7710
1389
2722
8398
2287
3253
8640
2703
3887
2622
1544
5025
5307
9836
3208
6077
2734
3132
6222
7233
4059
786
3430
8769
7879
619
928
389
2281
2239
3717
6246
7506
6398
5289
344
1940
3585
1338
6699
5636
4304
8973
6958
2482
8445
4001
9429
3604
3901
825
312
6652
6188
8328
1426
6449
1152
7233
5485
8012
3537
4265
6068
8078
7959
1718
3008
3753
1514
6183
146
3468
5136
6272
929
8398
2208
1222
2024
9921
9066
9870
9531
9724
8684
9209
6719
8053
4375
4158
9812
9390
5719
1270
2674
3363
4985
3004
6299
4077
7842
1292
3513
4640
6602
8048
7847
4672
7425
6469
318
2254
2197
9106
6037
7014
9788
4173
6628
1497
9812
8183
4650
6269
6609
641
6329
6691
5648
6826
4194
1197
8946
9977
2361
2203
8592
8265
141
7001
1067
5081
3180
3032
6475
9104
8121
5523
6076
8756
4154
9219
6710
5019
6762
2146
7936
5106
1882
3608
205
4532
2676
8796
1039
9720
1139
1046
9501
7046
3591
1598
4245
8584
9495
5145
4426
2938
9163
1660
4703
9519
2700
1607
2784
6428
2171
4254
5352
4294
6042
9815
1943
7950
1898
7239
3949
6571
5446
7817
2274
1875
4536
6759
4357
2069
2303
1796
6146
3481
6572
9618
4756
8624
2367
5253
9879
3639
5165
6162
7308
4059
2707
5701
543
1841
9755
3276
3173
6896
1624
8880
2852
4117
8767
9543
2470
5399
7662
3943
8135
6166
2521
9314
3761
1533
7442
7363
6779
6587
3592
1320
9694
5873
8502
9196
8022
3086
5671
6658
8367
2202
6156
6647
8572
5557
9055
3077
4456
6191
4100
4277
8188
8644
5385
3704
5190
4211
2281
2268
3936
3856
5960
6181
5773
4567
6511
7757
5256
6521
4781
438
1413
2344
8604
2701
9955
1851
1454
8574
9083
3412
5355
3048
9400
4111
4036
7506
1157
4256
209
6576
8616
6014
6403
8596
7571
720
373
2600
6378
8952
4308
2200
8970
1785
4862
352
4510
9567
2147
6297
5892
7181
7421
3175
3128
6085
3236
5973
7602
3318
4658
2985
6321
5422
4602
2501
3947
6671
2035
4183
4395
9045
4874
7182
4693
6961
7312
311
4125
4980
9337
840
5374
6749
9504
1744
7773
482
120
2039
6108
2647
8120
6184
5621
8615
4305
9178
1560
7618
718
9409
2669
7877
3229
9050
3593
5778
9736
6251
7637
1952
9683
1489
9783
5978
4745
3443
5506
4800
5526
1118
5616
6983
2062
4702
3486
8339
913
1843
3056
7484
2526
1537
3157
1949
2134
7424
5096
2034
1428
1845
1219
6857
6699
3038
7908
4327
5644
5903
238
6480
8104
7638
565
1738
3661
1445
6587
1897
5341
998
7956
3957
7827
6573
7239
3662
3817
8072
3612
5578
6948
5363
8887
6554
9471
7498
6483
1410
9956
9609
2219
897
1655
4561
1077
6118
8973
8738
4810
6950
6103
5994
5004
6408
1736
9474
6972
9276
6934
4953
1587
3720
4555
2503
1168
9182
8648
4537
3479
1997
2212
8697
2691
4313
4486
7240
2758
7368
1970
8558
3370
3455
587
8741
8255
1284
8079
1117
1449
4799
5858
9630
7075
7689
6341
3980
3834
509
5118
2337
411
4095
5549
1879
8920
5362
9211
3212
6056
3745
3984
1040
4059
7884
4256
3574
4502
6044
4795
4847
7615
6511
8483
6241
580
3034
8539
2506
6259
6302
6056
5939
9712
3004
8494
1877
1028
6486
7296
2457
4410
1741
6621
532
7679
5856
9606
5840
9075
6964
4491
2249
2282
1219
6416
1537
1962
6164
6682
3813
6150
4948
9493
3484
3118
5346
6174
6753
6989
776
2921
4983
5443
2746
3062
6847
8368
2128
2651
1775
2538
5560
7259
5927
8354
8575
4600
5000
1387
1318
9357
4892
3375
9519
7279
5631
2918
4750
769
8103
9891
2280
4228
5854
792
7218
4721
1013
1710
6546
9495
910
8599
598
2500
3556
2118
9701
9943
6050
7891
9550
7941
3219
5756
5679
3013
4197
7450
2912
8471
2248
3082
4974
3362
7040
5606
3519
7359
2944
1598
4388
5160
6237
5947
4872
8122
9498
5251
2600
9285
4348
6878
9668
9091
5674
7806
8483
8469
6205
9085
7271
5054
3771
1176
7251
3418
3860
5425
7713
2201
7171
4750
6832
5912
1859
1008
2602
5764
1740
3507
4321
4694
5898
2745
5329
7793
8395
2657
9503
6301
9123
9010
3337
8411
4391
7971
3083
5569
5015
4816
1790
4251
7289
5584
5705
1677
7541
6141
3325
5818
3091
4047
3498
6003
9893
3003
4760
2340
4051
3832
9259
6147
6518
1156
5534
8827
7100
857
6049
4303
5992
6119
7214
428
8281
178
5377
4667
4415
8210
6162
5401
4686
7121
6743
9978
1559
6469
6056
980
2904
2354
1314
4691
5092
7082
8603
3976
9437
6796
1114
4506
7728
9410
254
5894
1357
6237
6958
6750
7366
5533
5361
5855
1720
6977
8235
1496
1271
5670
7157
7294
3905
5512
185
6510
1248
8176
1407
4908
3425
5597
1576
3274
6805
5488
500
4674
9516
9322
8041
8742
8793
8018
4224
4412
8131
6990
3101
8481
1969
2676
5372
2996
8479
5841
7653
8847
3267
9797
611
7369
2693
2511
2244
517
6200
6523
7719
3525
3923
2715
7695
2511
752
7299
1775
7154
3156
8525
8925
920
6285
1249
7203
6915
6247
7109
3488
6485
5679
6787
210
9155
2101
9202
3668
8888
2436
9074
3427
5773
970
2553
6038
3544
6292
4658
7392
1365
9546
4526
9172
2521
3570
5847
9822
126
6545
5708
4731
7144
9736
1991
1683
354
9547
4730
5626
3407
8959
9918
1000
5206
5956
7749
7880
400
3180
5710
5263
8058
1235
4776
6112
3056
3349
3471
2390
7413
9660
9121
3260
4381
1588
9636
3540
7492
5197
520
1222
9118
1033
2703
6602
1526
7554
8760
5344
5716
3655
6290
5087
3096
1907
839
1208
5804
2314
5063
9206
7603
8486
9062
8296
5562
4600
4848
3247
3701
3744
1651
5905
7367
9091
5995
8866
807
8375
7023
6132
7141
3203
1365
9340
5877
3874
3057
4208
1836
1731
4138
1547
6534
9925
4548
6117
9005
6345
7974
7123
6311
5140
5479
2400
7307
8699
8412
1455
999
6893
5434
2983
5975
1905
5121
1550
7858
8577
9314
5008
8525
812
2627
4769
7584
240
8564
3864
7626
3011
2956
3646
7833
5922
9354
383
7718
8650
9074
9933
9303
4459
6473
2075
6418
3320
1004
7742
2295
4460
4973
5494
1368
8787
388
6648
1245
1654
245
778
2378
5353
5644
9976
7734
4188
8168
9362
3599
5130
8001
877
754
5889
4065
6700
5688
7142
2053
6758
8753
4655
1663
818
1772
7966
782
5466
9791
2835
5138
1528
6781
1901
8818
9244
5424
7039
8838
5836
3884
5813
1133
6273
2470
4375
6346
4091
7217
1221
4881
9408
5019
817
3838
9572
5393
4422
2015
3079
7386
3565
4398
8320
1309
9945
1862
450
8818
9190
2849
3028
7134
192
230
848
1290
1916
1726
5580
6100
133
7058
5850
8510
5365
4938
2690
5218
244
7518
1196
8139
1414
2148
2206
9599
3397
6115
3515
9042
772
2164
6300
2242
9416
9448
1111
7800
2183
2616
2510
1119
3060
459
10000
4455
4474
3434
6811
5036
9270
8934
3712
3409
2773
6451
1179
1303
4282
1324
2178
774
3524
7126
1160
8697
8921
7068
5350
8058
5378
9469
6458
4038
7470
961
7476
320
4512
7410
9447
9592
7818
7597
7063
4015
8444
1087
7814
401
7652
7054
9404
5029
3590
3999
9777
6097
1951
5402
440
4841
5946
7218
4919
8637
1191
4320
4012
278
1446
1252
7742
5658
8681
4164
4263
5787
1314
8810
4278
7317
2930
1201
3539
5766
2258
1214
1294
8954
2264
3808
4617
5205
6450
2570
7764
1430
8731
6096
8426
5605
6794
7021
4480
2609
7398
9592
9239
8237
6493
2688
3043
9049
737
8198
7706
8527
3282
2014
7932
930
5458
4418
6386
8582
5888
7682
4789
5639
7789
6565
8489
8832
7274
3251
7350
5648
2493
1497
5177
9262
1849
4528
875
5565
8128
8764
8355
2275
8196
994
8921
1936
4798
6763
4766
2878
693
5617
7003
1386
9145
5979
5745
3865
7681
6359
9744
8048
8203
3708
2323
6879
2857
5501
9861
5722
3045
5831
8285
6726
6135
409
8569
8496
8954
4035
6702
6780
4828
1120
4379
3180
8561
5270
6658
4457
9304
2473
3545
7803
402
2532
7433
1523
155
1512
7586
4721
5708
7738
4516
1377
7500
3537
6324
5712
4140
5360
8677
468
517
5351
919
9760
1629
6263
4952
2080
2289
3447
7592
4063
1308
5191
9930
1346
6431
1840
2837
5908
9978
5276
4361
8280
2963
2392
2219
4998
8713
9600
9738
7780
2812
4793
9113
204
3778
7138
8757
9227
3051
1621
7046
4374
4676
8684
1642
3119
378
4120
6088
2973
2642
9436
2097
5217
7266
7117
7525
560
8689
2159
2314
7958
3866
2184
4775
6629
5957
8142
2068
229
503
5624
6454
7345
5625
316
9612
331
8631
150
5001
6145
8980
6320
4710
2273
2982
9191
4511
8509
3862
821
8519
9622
9217
4607
8295
197
5226
2017
6472
9636
6704
1925
3547
1391
4812
2317
3962
1280
986
3495
6476
650
656
4851
4207
3940
4947
3998
2255
9171
3316
8679
4102
3959
7332
4391
243
2993
8326
2244
9675
2163
9342
8043
2419
476
5517
1961
4675
8963
2782
7273
8776
3295
9868
8804
7081
705
3207
3458
7531
6290
3552
473
1198
5770
8164
7262
9670
7436
7070
6837
6133
9302
9277
7602
9781
1034
4900
9467
6235
4286
6515
2665
1068
4452
592
1005
6575
4644
5758
631
5488
2712
3384
4781
4307
3845
3584
1890
6393
4083
3203
7410
3956
2899
1103
4156
4320
8754
207
9676
3464
5140
2572
8326
2767
7288
1159
9114
7581
7737
8353
8975
3457
1934
1532
3004
5685
4314
9465
4572
9066
6159
3578
2206
9395
1894
2341
8096
4281
5255
7512
7716
9945
2577
6195
1684
9383
2884
7839
7794
5885
8734
8892
2995
2208
4351
8830
1850
1803
9055
4635
5717
1846
2816
8532
3675
4827
9898
6719
7241
3303
1882
2098
1278
4425
8760
9395
8381
3293
2470
3745
7839
6134
4280
3623
6842
3206
8651
9078
2683
4823
2915
5181
6865
1361
3026
2805
1245
7339
5225
1049
9175
5558
1348
1374
6344
6794
8374
6025
1458
9050
4252
5759
2013
1778
3954
7275
7260
8096
2745
5088
5295
6495
9436
6049
2655
8794
6729
8705
6013
5389
8102
2774
7988
8059
6255
9649
6953
7959
4041
8607
7102
2994
9199
8272
6470
8856
1840
7018
7260
6012
4484
2039
3522
