464
3292
9936
8433
7801
1510
2366
2096
8933
5247
6781
429
2812
9170
2223
7016
9061
8440
6591
6932
2179
5206
9479
4899
4984
5792
7779
406
2476
8311
3766
2172
9040
8365
6313
5530
953
7091
4652
9461
2421
1668
1674
8827
6489
3887
6016
8962
5536
5656
2744
5546
1684
7800
4411
9251
2033
1387
9548
5835
4854
2281
8384
1858
8874
3097
8229
2248
5684
6845
5849
268
5346
419
7489
2313
8977
2922
6324
7119
780
7050
1624
6433
8691
6354
3355
7224
6256
2428
9908
9913
2987
9689
4529
2288
1663
2402
9069
9236
9811
2989
8044
8312
3050
2059
2354
7375
670
9190
4161
1049
5520
5654
7308
6084
8921
8697
1659
7063
2217
4336
6609
7126
598
1170
4569
8103
6591
2171
7915
5029
1928
7828
2665
793
782
3715
5420
3179
9786
5720
7671
1738
6799
6829
9648
2201
2058
6575
5246
8597
8663
573
8745
3924
2841
363
8628
3673
9675
6036
7325
2252
5948
7778
3002
1509
4790
6359
4729
4978
2302
2036
6143
114
2020
2766
3504
8370
8332
778
1470
2420
2636
5492
5141
6106
5583
2139
7807
8004
5566
8346
1679
6743
720
4511
829
9058
3317
8483
3906
9436
4280
1228
1298
3939
9829
4236
6619
5170
6568
7913
8432
193
5825
1001
3863
2448
8479
5450
9432
5793
3921
8095
3210
1555
6922
9765
9699
7387
9936
1074
9348
4901
9435
8949
3078
977
3230
360
6666
8128
1734
4309
5780
904
4855
7596
4944
2043
4757
1036
9391
8458
2396
4343
1079
8073
5443
9062
9662
5225
6391
6081
4791
7372
8176
7703
7661
6305
3213
7928
9773
8395
5545
4929
7105
5023
6626
6039
8852
6598
4799
8858
3384
6500
4185
5833
9909
815
7242
329
5252
2314
587
243
6679
2785
949
4909
201
9171
1505
2866
4599
4158
3322
2143
7419
5725
3780
1421
9755
584
1061
5971
3887
3076
3234
2041
5823
6884
837
764
7892
2038
2072
7289
5739
3304
2012
6410
1106
4477
1501
1751
4393
1674
4214
9079
8132
3606
7621
9746
3645
5273
2326
8756
2206
8221
7909
5006
9518
1690
4331
9302
3363
4644
9506
4284
1288
7635
2203
4810
9438
1245
1612
4764
1054
6134
6788
7115
9168
4421
4784
9419
1715
8762
8301
486
8280
2123
562
3727
7261
7114
1794
2892
6386
8244
5397
8748
5059
1792
4082
8842
1321
8858
5743
6934
9989
1147
8006
1010
6572
5577
1738
8320
5110
8509
5567
7577
3729
248
4837
4454
9814
9483
3285
3841
5804
6402
1878
9693
339
7515
3617
7897
6486
4123
1455
7580
5064
2839
5457
2401
9843
4644
7702
7978
9244
7452
1197
6932
9952
5403
7750
6998
1350
9420
3062
1059
1287
2768
9569
3297
1818
1985
4677
3757
2851
9166
3302
1767
4865
7521
3395
5752
1658
3469
4939
2703
762
6724
5008
8627
9491
8876
8386
9995
4726
7247
9997
3678
1047
4211
5598
5583
3710
3757
8598
4679
8724
171
9793
5841
9227
3309
4078
3288
1525
2979
8165
7497
1021
726
2510
484
3448
4141
1917
2259
1441
1891
3507
4637
4118
4453
2917
7585
6518
8187
3683
2698
3963
9363
1882
7989
168
6406
8896
7769
5976
5046
3200
7902
5782
8934
5189
3754
2603
2142
3208
936
9529
8838
1759
5257
3882
9906
4858
7258
2408
9090
7535
5580
7392
4771
4617
5792
9782
8233
6926
9555
4177
4932
9450
7347
6168
5104
8222
6022
4918
9405
4013
5404
1973
7052
9111
2670
8952
7440
4502
1170
6476
5497
1657
1950
5597
6226
8202
5319
4909
2824
3093
7985
3790
6640
4094
9658
9479
8508
1127
4474
815
5001
6618
1175
3134
110
6717
6482
5938
5113
5617
1165
3724
6883
961
6660
5332
6182
6432
1711
3538
3036
7714
9815
9527
5416
2040
6427
6704
618
7392
7410
8659
5314
3215
2778
8788
3198
1517
8027
8164
3418
4252
3642
4490
4716
3624
8108
1036
5946
3939
4959
3965
9986
5413
5145
4992
9186
7648
5359
3256
8000
8755
4106
4799
5528
409
3459
7895
2516
2152
4774
3888
6031
6478
4151
519
1642
8096
2866
9675
4506
7643
8164
187
6590
9560
4223
5336
1892
6414
4200
5959
8457
720
4604
9248
4766
9903
6289
3500
6571
4147
3966
5933
8968
6094
7376
1438
9711
7156
3349
7555
401
9384
6985
8855
674
5748
8485
6071
8964
9658
6191
4307
955
7301
4057
8567
9502
6315
1636
1889
2931
724
9743
4640
6843
7569
464
8245
9578
3659
3724
1234
4240
9514
5786
5898
5668
6932
9651
3245
3013
2369
8027
5774
4141
2742
3029
650
5467
2539
356
1253
4575
8477
8035
4886
5544
1068
1406
558
3359
3361
1046
4888
2691
835
817
3826
5028
5441
6316
8862
8455
8080
6665
2248
1580
1529
9001
3090
1418
6331
3206
2552
8798
9930
2933
4459
9116
196
1047
660
5951
4698
557
8462
3058
7392
2039
5169
9664
4455
1350
9429
4402
8133
1475
6667
3637
4818
7720
6612
2501
7569
1522
9527
9248
1156
4705
5144
4983
3176
5444
5525
3300
1572
7134
8722
5409
8236
4486
7163
7157
9037
2272
4873
2174
2221
1284
2500
9060
8811
5650
1619
9707
272
3944
7709
6874
7330
5626
3188
8761
4504
6593
5639
1049
3335
8832
1106
7376
5649
1881
6802
4374
265
1101
1133
3861
7506
8873
2534
7462
647
3840
4721
8731
1569
7203
1304
8243
744
3326
6340
8838
4172
7493
2564
362
8070
5378
9628
4009
1528
4160
5583
8561
3759
9245
6390
6821
5393
8642
7758
8014
8743
1918
134
2992
9635
8949
6777
8586
9770
3493
3425
9514
6671
705
8027
7479
5796
2766
2166
8436
3508
1404
541
9348
4551
5275
1638
5576
2598
3673
7718
2137
637
6494
3412
2045
7894
2004
2260
2415
3381
7351
733
8879
1882
9555
1764
7085
2052
8911
9248
6049
3063
8838
7903
9200
1510
3972
8825
772
3680
1153
4689
5706
9002
2870
9228
4738
1479
9860
979
9992
9386
3761
259
2309
4659
9744
1838
473
1403
1708
2002
5843
6715
1001
806
7078
9372
4458
8760
8715
5572
2854
4434
3610
8415
9672
8998
7794
3314
3692
3329
7287
7977
4065
8782
4157
9849
5684
1215
3889
5631
7380
727
2913
4859
4683
9742
2627
4313
9865
8886
5779
4430
698
4271
7520
9894
6708
7006
5903
2424
6683
4453
988
8826
7928
6409
8797
6208
5697
1524
5669
1148
7180
1069
279
7666
2201
3738
8864
6289
172
6485
6619
9623
8973
463
2411
2936
2405
4604
7275
680
943
6008
1421
8080
8237
2783
9143
753
2212
6274
5601
6274
7632
6884
4310
6089
1818
2336
9629
7926
5696
9206
8022
2615
5092
941
6056
6855
7208
5930
2242
2936
8044
2490
3993
4541
3457
1726
5473
265
9058
7837
5520
4107
6386
3242
7139
4181
9308
4508
2634
1885
4160
3664
9525
4437
7598
4506
5664
1013
2946
6618
4143
705
4961
1111
9855
3237
596
1592
6720
6356
6670
2587
6149
6423
8669
6920
3457
6424
4286
4161
8306
5236
8893
4271
9340
9527
1185
1081
8979
2453
7257
5505
1952
5405
5233
2389
2666
9787
5103
4801
2762
5211
5146
2292
5863
8688
5748
1925
1300
4336
3024
9414
5592
1429
6956
9340
4599
6649
7890
2971
1959
5484
5902
6111
8211
8496
3245
6439
9341
3099
3803
4870
4244
5473
7186
4664
4715
8826
908
3710
2884
3506
7322
1863
2923
4021
1705
8979
8236
4728
6915
5386
821
7414
545
2973
7984
206
9990
8280
1947
3872
5581
4543
4835
7212
5108
5962
7776
9195
9488
8751
1212
726
4898
7984
4512
1106
8823
737
8727
6571
8001
3575
8397
8987
6892
4823
1174
9016
5787
1344
3465
460
9846
1408
3144
9982
2312
6637
3681
7728
9104
6727
4217
2717
8151
4973
3368
5772
4978
9562
5790
8304
5055
9309
3232
143
2785
2753
2130
2724
440
1058
3352
7698
438
5847
6604
2050
2243
5172
262
8418
2619
2547
4609
4071
6167
5737
8838
5443
163
7727
8958
8914
271
6015
9360
785
8015
362
6923
5201
3184
612
8458
2280
3842
4886
1086
4045
6341
6312
6465
2170
4579
6488
2476
5568
5383
6751
1152
3007
5253
4674
7297
3273
6207
9802
8422
598
8529
2126
706
4141
3691
5172
3891
7134
6781
5400
5101
6851
7045
5086
2021
2042
4862
2825
5350
1448
9570
2059
1340
4721
2506
7273
3779
8228
8954
3167
6704
6672
2874
5457
1991
8341
3768
5828
6682
4449
8170
6708
5173
6408
7083
3164
8008
9342
6832
6757
3691
3733
8289
6726
3754
1505
4325
2037
4129
2391
3851
9726
1278
7739
9984
6945
6522
1108
320
2572
7930
5477
7715
5941
4506
3644
5108
8639
1851
5600
7617
6349
2640
616
5069
9401
1812
8538
2211
775
1677
8298
1950
4175
3013
2007
7050
2318
9504
4662
4053
9805
6234
9283
4535
9864
2341
4764
7092
954
9202
4152
8009
2326
4895
9896
6300
6071
4451
6050
9875
9643
2148
4623
7736
6847
4852
4992
1874
5202
9714
3691
6001
1019
3265
7924
6156
1498
2857
8742
2698
3967
9558
4041
3576
6052
6483
8162
5025
2276
2541
6909
134
4859
6419
9605
7804
8120
3623
1450
8996
3900
5990
615
6275
876
291
3682
8366
9229
6898
6117
8166
906
1624
9136
2388
5600
4478
2730
8388
8840
1137
6814
4038
1792
9851
2669
9940
3382
4149
5303
909
2425
7268
4991
957
3788
7839
9893
7797
1022
4717
7971
3857
5561
6154
1036
2906
2200
8482
8600
5792
4690
9780
6541
7643
1447
7178
6021
9774
8754
4765
4848
3451
8239
4948
9160
8549
1717
1916
8001
8213
145
8900
3659
2363
1108
4536
4131
8358
4651
5716
8728
9526
9925
1515
3347
4725
146
3565
7144
5155
4469
4352
6925
6192
3199
244
9408
6343
8233
5007
7040
2099
7592
2998
3690
4150
8186
9762
4981
2327
4815
5398
9913
5748
623
9988
7336
3792
3945
5755
6704
4406
2871
5581
144
2721
8851
228
742
1434
8032
5020
3622
3794
8763
6239
4908
5305
9228
6306
1416
8917
2843
6282
6483
8610
705
9148
337
5140
6628
8960
4852
5880
1752
9767
2910
5760
4226
6675
3505
6205
631
9590
5882
7537
6181
5425
7591
9613
808
567
9665
2791
1214
9545
3117
9313
4229
7478
1535
2825
7256
9140
2441
5561
2167
6144
1666
2050
1303
2590
6605
5657
9353
5190
7790
7661
8151
3659
6136
7254
3894
7808
5759
6744
1327
5588
4869
5207
5774
5146
8707
3312
138
9833
3286
8675
1069
6257
5195
3774
902
6126
8844
2375
6696
9135
875
7418
7946
2264
2201
828
937
4995
4092
9417
6106
5436
9069
8165
2632
137
536
3533
5898
4069
8351
5948
7980
2593
846
7781
3178
7501
3824
8387
1325
6242
9279
5468
9774
3560
5864
8254
2463
3638
9853
6909
378
3973
9236
9184
1275
341
6531
6132
6412
7991
2631
6623
4003
2941
9144
2411
3812
9606
7836
5364
6964
6493
8653
3850
6597
7338
303
7103
6808
9021
5822
1645
7308
9899
8709
3937
1281
4809
4143
7398
9332
400
4780
8444
422
4156
9264
5635
9454
2753
5166
4903
4823
6338
9910
9725
4905
4380
5043
3379
8203
8788
2434
1372
2291
6105
9586
7197
2220
9592
6471
3581
4458
8188
8773
7818
5784
4297
8609
3569
4729
7440
9864
1858
2913
7098
1633
6518
5009
5428
4924
5728
2047
7807
8683
6446
4744
120
9718
8170
4113
7759
6907
8757
9113
604
3029
6393
3135
5968
8322
8136
9845
7039
1935
4577
6149
9252
3278
1298
4855
6391
8976
2928
690
1058
368
736
9432
457
2006
2339
4885
3371
2358
1643
7968
9493
4081
8508
4737
1886
1972
940
6556
9896
3225
5740
4847
392
6660
8229
920
2946
1954
3308
1949
141
9534
486
1243
9080
6129
9309
651
6447
6257
3071
7524
808
3072
2411
7090
5617
1074
3702
2568
7753
290
1006
3498
270
5590
6309
5300
8031
5839
3312
9450
9395
7441
810
5532
2596
8782
4161
7208
5562
4260
9020
9694
1114
2187
1580
8056
8135
1443
5193
4309
6303
7185
9381
2495
5190
6733
7716
6129
8443
731
2271
7830
9523
811
4297
3408
933
1218
6909
4383
2026
1994
5559
4830
3420
5108
6311
4309
3394
316
8359
5364
7748
3169
6627
4799
3366
5403
5613
7525
2312
3628
6829
3704
482
6915
7042
4415
5518
2391
8929
9530
8513
357
7927
5619
4154
8938
8777
4698
8966
633
9395
1669
5460
3472
3345
8286
2535
5205
2699
8799
8628
9423
2533
6758
6989
4151
2294
4884
2883
4272
7397
4044
8002
9621
6318
8026
4392
4975
1272
7353
1194
1528
8118
2011
6677
4387
8336
8274
8029
2610
6938
7019
4235
2414
4962
2955
4339
7463
4111
8058
9667
6384
8074
4440
5023
1299
7401
1221
1556
8166
2049
6725
4435
8384
8322
8077
2648
6986
7067
4273
2442
4990
2983
4377
7501
4149
8104
9705
6432
8122
4488
5071
1326
7449
1248
1584
8214
2087
6773
4483
8432
8370
8125
2686
7034
7115
4311
2470
5018
3011
4415
7539
4187
8150
9743
6480
8170
4536
5119
1353
7497
1275
1612
8262
2125
6821
4531
8480
8418
8173
2724
7082
7163
4349
2498
5046
3039
4453
7577
3778
3618
1540
1539
9699
3636
4727
9761
2620
5139
1618
6308
5463
6719
9024
841
4710
2787
4965
1518
302
3756
2668
4674
1611
2485
1220
5916
8840
5807
6636
7623
2430
337
9592
8233
9319
141
2488
7559
6967
7415
8750
8403
6301
5593
9487
5409
1688
2324
3006
3178
6586
7171
6907
8276
5648
3395
7585
8652
6482
4141
6073
7011
4807
9711
2879
720
7538
5800
7526
6401
4702
4396
6740
3890
8262
4492
3512
5778
2993
6425
7667
1032
8347
6479
3059
3202
6756
832
2266
8404
2650
317
6583
2617
6182
1725
1052
1559
1423
253
6716
2030
8586
9078
6805
7334
521
135
5941
4423
2053
2618
7300
6848
6714
7316
3640
6106
9333
9795
7848
4563
7291
5977
5690
9754
9155
1468
4940
8934
1302
9458
2408
375
4297
3094
8560
762
7806
6854
4469
7768
8663
2658
9917
1755
7050
2457
7481
7130
3323
1851
7358
4001
948
1752
8530
7292
9885
5820
421
3964
8266
4055
3008
5762
9149
5214
1531
867
1330
9018
6783
1511
9630
6087
6793
6002
9218
7703
6530
1219
3838
2785
1259
2036
5855
8096
3793
4960
3929
4561
6417
2375
9727
4272
6765
1658
1542
1756
6131
2834
6367
7644
3944
9460
770
1907
4292
5439
7357
979
1491
9875
6415
7170
8069
6360
4700
9112
5896
981
2040
4535
9103
9093
1489
5309
5372
9412
9657
4079
7157
5158
2389
3216
355
2532
5397
4261
8696
9860
6987
1394
1194
4750
8661
8554
1824
5773
9190
9284
6022
9045
5009
1147
5876
5210
1519
4125
998
6902
2131
5545
1687
9171
1095
483
9157
5156
6733
5502
6075
4119
5196
6665
3647
8928
9460
2492
4066
7395
7663
8670
3490
9328
5301
8646
8380
3644
4390
5692
7084
9376
9024
2063
4886
4381
5997
8810
7579
376
1314
9106
8088
6411
1794
5619
2100
4427
3092
7379
9114
9919
6984
6457
5512
4622
1562
7822
9637
6678
7661
9316
9608
2364
3148
4428
7400
4731
163
3061
3132
1392
9358
8512
7675
4195
2540
4987
8870
3933
6744
5017
6485
4058
7094
9657
4976
3189
8631
3414
966
6488
5581
3578
5921
6823
4315
556
3230
4028
735
427
2061
4000
537
1282
2457
5821
4889
7146
9135
9838
1110
4666
7153
6540
6136
6229
6390
3676
1399
907
5465
9420
2520
4647
3590
9223
6303
6716
3044
4709
1618
4004
8786
9426
3363
8538
7062
7775
8748
2454
780
8227
3969
274
5149
5925
4524
8089
8622
8188
6331
9338
2485
9748
9046
7890
1929
5817
2864
2148
1359
9658
5517
1908
8003
2885
5778
9112
8267
7053
2141
2476
4932
1319
8502
3041
7147
4079
2183
823
6295
1684
8603
3680
7256
3101
1467
9757
7881
4553
3079
9706
9541
6518
9712
4728
3019
8650
9131
7067
1625
954
4266
9379
7797
2751
1717
8057
720
3990
4575
5430
2736
9660
3761
8009
1526
3482
3509
155
7652
7886
8602
6014
9659
1757
7801
3771
6971
656
1459
9357
4978
5854
2512
3670
2563
332
9580
5788
3826
6752
7725
2653
2609
9614
8716
3401
6028
4586
5677
260
4405
9105
130
8278
9861
4137
1514
2270
4190
7991
9349
7763
4779
6873
1635
645
9351
4950
4358
2014
2886
2735
8073
9211
3150
9255
3364
4190
2259
1068
2197
9631
2193
2829
1442
9072
7951
819
7354
3109
9862
4924
4980
7189
9791
9708
5873
848
9519
4404
9179
7101
7423
9527
4278
2235
7480
195
5737
4227
7786
8610
9777
4424
7251
4337
9208
2759
8083
1903
485
9415
652
1388
9091
963
3552
9755
2097
763
381
9417
2459
6806
5372
8297
894
7743
2113
1367
4190
6186
7096
5927
9444
2499
214
4756
2839
9979
4124
1012
2214
9959
1100
3324
2009
9308
9388
2600
6440
5597
9759
991
6740
2693
5624
7035
1534
4191
4569
155
6034
4648
9210
1150
3701
8267
7184
4194
4315
9552
4569
6325
7884
9929
4113
6068
8397
2958
3390
1007
447
3324
1664
6640
4175
1433
3124
5479
9937
9523
3966
9994
4698
206
6664
5569
5041
696
1516
2318
4764
9620
2533
3506
584
2986
8988
1131
8550
7061
8026
2079
9578
7415
6975
2205
7795
4064
6714
6769
8599
5561
5761
2785
4192
6021
5832
9646
6494
521
868
271
8037
1746
338
9243
7872
9445
3621
7722
730
7996
5984
8297
1636
9417
1764
2015
6380
8515
9105
6749
7024
1073
4891
2809
4870
6220
6954
4655
8536
7514
1774
8449
7983
9829
8154
758
926
1743
6297
2153
8528
3979
2369
8733
9029
7708
7019
4848
5131
5612
9650
1099
2696
9493
9894
5160
7187
5895
410
5525
1558
7372
3231
9079
375
9054
8069
1494
1434
8690
7520
9564
4957
7505
159
9697
6574
8022
4499
7035
9173
5557
719
7916
3859
8525
4176
1870
1783
9402
301
9444
1780
1889
7106
472
5701
6806
6615
7400
1742
3585
9098
7734
4247
4725
5717
154
2969
7566
4072
7613
7894
3158
5084
1934
4498
2042
9753
8386
7472
7386
8720
478
2088
9943
8345
6173
3304
3061
9097
1255
5722
6252
1583
582
8375
9564
7641
3065
1738
2868
9148
3095
7394
1529
8931
9346
6089
1602
2218
8134
8150
2735
2603
7504
9253
8245
9476
8124
7426
3767
4400
3687
1273
4241
4397
7047
8500
5430
9375
3743
9674
3518
968
5827
4780
4521
2126
2150
8995
8127
9334
6291
1400
1264
7113
384
7843
567
9766
4123
2710
144
4322
2389
9212
2060
7618
5086
2421
7981
2661
766
2151
5803
7025
2469
9922
439
5475
6354
2876
4996
2727
8270
393
4988
7776
2202
5435
178
9179
7509
9232
1427
3678
3743
9851
4408
4336
7886
4903
1167
5279
2503
9583
4470
6112
8296
1749
7570
9873
2945
6025
8984
3633
7827
1900
7573
1083
3763
7089
7191
5981
9163
7597
6406
6021
9953
4583
7504
4566
3798
8398
3311
1702
1206
9373
5852
5597
5266
4829
334
9431
5692
7433
7634
953
9409
7690
2426
7438
2493
184
5745
1243
1944
558
2222
1231
206
3009
2859
6151
2460
2675
4381
9319
510
1387
9353
9646
774
8146
5591
7369
2511
9035
3397
8537
9172
8661
8720
4421
5262
5678
5508
8551
8634
464
4835
5259
7263
8830
8801
1220
2072
177
2422
8502
8860
6619
5151
5698
6318
6526
1018
6165
5696
8677
8156
2394
9041
1475
929
6189
4289
3965
2574
1513
1497
9746
1154
3271
8777
582
8858
8834
8998
2533
2845
3662
8441
1244
3077
5976
4307
4582
8389
7176
7022
3168
8876
2937
9707
1173
8588
1965
1096
5068
5600
2856
3933
5642
4120
8686
7052
9181
6545
4973
5903
916
9563
6937
8939
7005
1486
5063
3466
9843
4400
7866
8120
2872
8973
7561
5115
9848
7963
1529
6518
4236
4952
2753
1051
3873
1703
8557
4617
3847
5614
3749
6476
6194
8760
1231
3521
3694
1007
5173
2093
8394
7608
5925
1635
5251
7758
5109
9050
6831
955
6178
6012
2955
9840
5133
565
2514
9624
1485
9477
6715
3417
2210
6945
4287
6820
8155
2326
5872
5678
2534
507
8877
6612
7878
9928
3709
4267
5829
1442
8266
1847
862
4620
792
5994
583
1716
1811
1244
1052
7913
4459
4767
4530
215
6688
2876
3616
1590
7528
2041
9873
786
4260
7481
7493
5593
986
7478
2253
6113
4309
6831
2038
3044
1874
6060
7205
5335
4934
6642
8346
1141
3595
3906
7130
6475
9987
3834
7271
1795
3786
8764
2614
8336
5128
8078
1629
8034
5173
3337
4282
7037
3904
7714
4424
1783
3960
7678
3744
4464
1012
2702
4528
488
7787
320
1285
7001
6489
9086
4993
481
8297
9136
1360
8665
3243
8475
1836
6148
1897
299
3510
7471
2249
7701
450
7037
4741
9786
3843
3151
3813
7416
9453
6461
9485
5530
9657
9606
8604
460
1232
2847
7543
1190
8831
5763
9302
7381
4287
9857
3927
141
4056
5696
1471
4431
395
7105
1910
4021
383
778
8873
7886
3927
2967
6267
6599
5615
7906
6511
8384
9701
8215
5511
8088
1298
6500
3057
565
9411
1790
9249
6903
4981
8635
459
5321
8727
9793
3887
2611
6621
400
459
6953
258
473
9444
8635
6257
1740
438
8369
1297
7549
7160
9952
4482
8424
4278
6500
4254
9395
4287
3101
8518
5758
1492
6569
4959
4112
9892
4152
4563
8334
9759
2308
4466
5522
499
5141
5535
6864
6561
2852
8045
1213
4751
6664
8678
1359
5682
3139
5449
4073
2245
4727
3091
2956
1849
8876
6515
6526
3452
6312
9292
8027
1591
3741
6948
5718
9304
5929
6506
7158
8200
2397
7728
6268
9336
9515
6057
8786
4802
9600
7738
9570
4952
9717
9009
2894
6260
4434
9151
5767
3045
6243
4261
9039
3993
2113
7411
2267
2058
6413
7669
2680
8046
1413
3280
9260
7320
9150
1182
5693
8014
8568
6193
4287
8280
4835
4197
6543
9367
8323
2824
8384
6099
847
5192
6032
654
5301
1756
5774
8938
6923
5100
7590
1118
303
3569
9590
3042
1717
3361
6926
1091
8745
4286
3842
2443
854
2386
352
2752
7716
9025
3654
1259
8974
4268
8635
4135
3419
9736
1459
9271
3167
304
1505
2261
7794
1439
738
3314
4575
7381
5627
3363
7542
2609
5355
2219
4662
1800
3525
8158
3595
7992
9497
5181
724
8341
6890
2071
3314
3522
5564
6689
2398
978
9253
697
2722
2646
5901
6703
3488
5211
4628
6192
4114
828
2300
7131
2882
6724
5919
1976
5732
9799
1609
7863
9862
7332
351
1877
5239
505
775
8778
5195
3615
1560
7069
3007
2824
1022
5026
9394
4386
2142
7493
6667
3073
2621
8863
8255
4181
7889
1078
7420
5733
2154
7781
4688
2259
894
5687
7717
6286
2438
6753
1213
3957
2874
5135
6911
5555
3700
6931
9569
891
5753
2518
2507
449
5626
4481
2476
9704
4646
3594
4075
4547
5098
9182
5586
7935
5241
9127
5310
3256
1130
1543
7688
7048
3995
4106
1498
7669
5936
6792
9408
3080
9331
4350
8481
5652
7186
1991
1713
3523
2359
1401
1801
3571
5540
3830
3514
8112
5859
6473
4557
4095
2072
2781
2425
4362
8064
4682
2482
1846
6751
4888
5112
1008
1985
616
2774
1507
3240
8562
2616
3113
5997
4694
2947
7653
9685
4502
8928
6911
9662
6803
6330
6532
7455
7791
7083
454
4515
7203
3134
2186
1868
2294
8903
5695
8290
6275
1067
4299
6383
7118
4639
2750
5830
1206
4460
2509
6225
8074
3854
1584
5126
6990
9445
625
1402
9225
2776
9705
2498
1735
2961
6973
7366
5116
8675
3473
9913
7586
5857
4768
9094
8324
752
7102
556
4281
4764
8941
5941
1966
2379
4429
7160
7721
4973
6114
8786
1193
1476
1800
5225
7702
7227
7099
1242
8405
2778
9829
9177
5523
3177
2350
9788
538
898
1206
2101
4465
6882
3406
2423
2249
7962
1390
733
1159
3048
2909
3643
5696
7172
7172
4366
5356
1458
8758
1391
3980
1838
2440
6061
6756
4416
7484
5040
7868
6841
8463
3273
8944
1610
6681
1209
285
8796
5348
6025
2990
1025
246
2272
794
6576
7212
4267
9298
3550
310
7091
3725
726
4938
5282
8202
6698
887
8342
1589
8337
3377
6586
3797
516
6625
6207
3976
4203
3738
3322
8409
6130
6288
9547
4830
4060
4066
8271
2126
7055
5656
1024
2902
6105
2283
7211
8860
2218
7131
5865
3394
1663
6388
508
9099
3551
1432
5963
4316
5736
6409
2607
6759
518
4484
5252
9463
3403
7918
7337
4356
4427
9116
5486
8701
1430
5887
8580
3568
8032
7449
9251
6542
586
8536
1961
6079
4662
9821
455
8286
7814
2499
2933
9347
3082
9747
324
8913
8575
3782
7041
1912
6230
7172
704
6130
9092
8578
3484
1872
5907
974
2392
9191
2814
6633
9348
680
5620
7332
2976
5097
5510
2381
9405
8355
2229
1183
6816
6390
4838
6373
9726
837
1852
9814
2912
3813
6805
3389
1794
804
7031
3388
7015
5735
6968
8645
9960
627
3777
2459
9446
1684
2203
5746
1365
7353
2583
8569
2686
9220
1280
9131
272
1992
2933
3764
8742
3164
2653
3832
9823
4374
6365
2312
7685
9936
7813
2190
4996
7098
2803
7197
7314
2447
1069
3372
4525
188
6407
329
1943
8522
5141
5970
2119
1359
8839
4402
7165
821
4235
3826
2013
6309
7620
647
8240
388
1017
1408
5892
3509
1235
5214
8249
3009
1858
7179
840
8830
573
1912
776
8448
8240
722
8590
8025
6338
2262
1276
4597
4484
1913
1431
2318
3983
4492
1415
5356
7022
1293
7304
7140
9567
1032
2073
2035
6568
6054
6373
6847
3257
4042
6933
2675
5085
5205
2868
7433
2544
2456
5328
1453
3984
1780
9357
1524
7158
9223
5982
2802
1028
8634
5969
9876
6280
837
4746
2196
1052
9054
3677
9139
7065
5722
2761
3535
2996
6506
5910
145
9311
7692
1396
4053
3580
5997
1857
8073
6038
8892
2481
8141
8564
6112
7571
3531
3771
2809
3276
4940
1786
8306
4422
7719
3675
4897
1974
3448
2346
5722
9834
5570
5431
1506
4856
3475
2530
4494
7727
6952
7362
3564
5410
1647
7445
9562
3697
1809
3214
6031
8040
5817
2126
7947
3132
4048
8624
8892
7188
7531
7737
8132
9021
5383
4731
4296
7328
4099
5916
6568
4034
4021
2220
8073
5582
4891
1301
3711
8244
4623
2618
9060
1209
8783
3656
269
1631
9590
3119
4382
7806
6037
3618
5517
4537
2192
5772
781
6681
9509
5252
437
2425
8197
1354
6234
3842
9433
6419
9720
1263
7788
8379
7579
5754
487
1412
6924
4879
2737
5018
3568
584
9385
3162
498
8345
3294
8114
9904
1547
1752
2160
4202
5944
8333
2800
6753
3204
3929
7349
1870
5454
1666
4561
8822
668
9261
2796
833
4396
8386
8707
1159
374
642
7544
1512
2937
7356
910
8734
3497
5261
5051
1017
8098
7500
3587
7154
4641
6261
6567
3249
458
4659
4254
5359
8611
9007
8548
7889
4778
3177
8415
1065
1005
4744
5593
6501
6321
1169
3872
9946
6338
2775
3072
2320
7872
9349
1180
7526
6530
6197
2941
7065
8753
122
887
417
1792
2995
5109
7406
2132
9830
1865
5739
1402
7720
3302
6151
1013
1151
656
8185
7150
7333
9721
1437
1255
2373
1108
1606
3686
3492
8755
6139
3299
630
9070
6761
7576
9947
6861
2845
8163
6283
457
8694
8091
4646
9077
9430
7372
871
5136
9897
3107
8984
2477
7930
4753
7956
6011
9152
5616
742
837
612
3972
6580
4944
2433
5673
2442
9347
3672
9862
9105
6838
9363
327
6200
3049
8957
4867
5730
3239
3408
2632
3280
3789
2404
4238
664
7090
4232
9573
6300
5838
2396
7674
6520
3927
7326
3046
1167
7415
3855
6276
4212
8890
464
7898
2769
1548
7667
7536
2254
5749
8823
6065
2016
2138
8459
2609
5346
6469
6562
1478
5140
349
2497
3012
8882
1854
9232
1087
7818
9580
7054
3105
7153
9200
4885
2650
6907
7579
580
7471
4040
4268
3859
7204
5448
7051
1516
2984
9936
9037
6595
6697
8471
9391
8628
2093
8354
5726
9259
1844
1436
582
6057
9559
9509
1396
1897
2881
518
7096
3400
6233
1052
2665
8281
6080
1281
4694
6073
7638
1102
3889
4482
8932
5201
3090
4104
3207
1598
8987
6835
997
7986
5389
176
8531
4981
8707
8681
5169
8686
7239
4690
584
9534
8191
9404
6828
8947
7120
1466
4337
5422
738
8425
8544
9217
3099
3834
5901
4989
9797
1553
8916
7245
4018
3985
1426
6817
8082
1083
2986
1211
980
863
2902
9899
742
7214
2450
7354
5085
9436
3959
6713
4138
3746
1809
4667
5115
1841
4742
5350
9717
2259
2328
1940
8477
6145
2051
1780
6413
5399
6078
7381
4405
6999
3139
8784
9870
5603
8566
1402
3559
6855
2010
1558
3746
9869
1898
4164
8028
5244
3076
2414
2648
4098
5484
8171
736
8743
2377
7134
6692
7273
3291
3009
9711
4896
5125
3222
3360
7642
489
1690
7293
5029
4814
3729
4151
8692
8768
1517
4636
2979
3329
2207
6526
802
3093
8023
8392
7520
9304
3621
3827
1857
3566
7682
1881
2634
5331
1685
5874
1229
7317
4464
6907
1724
4659
2848
417
5435
4790
2626
8761
8036
1704
8805
7486
6409
3341
9112
3797
7284
1386
2611
7624
4773
6071
6014
3958
5339
4962
6044
518
5537
7087
1723
6221
1703
4641
6104
1302
7779
6722
6583
9931
4820
3752
8130
7244
1729
5802
594
7969
9656
3482
8369
8576
1492
2567
4508
215
1587
3057
9534
2953
3136
8013
719
9449
3083
892
9690
9562
4230
6046
9691
3154
6331
7586
3795
1756
4629
1018
5143
4321
9930
8105
421
8167
5671
3261
1519
3027
6949
7169
2758
4546
4339
8814
7625
4266
617
1958
1293
1081
2841
1336
8963
3329
8383
8390
2279
3575
7024
4732
558
9550
7043
8299
6728
244
3748
1478
8732
4078
3920
6702
3297
5642
5693
6311
9180
2409
9682
7910
1124
5443
3913
8103
5104
8236
568
9023
9305
8276
4184
6871
697
4992
7801
9806
1402
1662
5016
5349
9490
5642
1835
2029
1697
2594
6077
5376
5502
8602
3697
2651
755
2565
1680
7277
2470
7135
916
7460
7229
5991
1009
8751
1072
5541
3749
4231
9950
3323
5882
5070
8139
7879
9478
5045
5083
1539
9115
3311
6856
6392
3605
7717
8872
4521
8512
4297
4958
7714
372
9655
9082
805
1322
2452
4306
1052
8576
8288
6154
2776
1900
6966
6539
876
9507
7712
5228
9197
7913
2103
4622
1825
3728
2990
5022
1757
6475
9812
4681
1144
5761
1835
7958
1454
5217
1212
2216
8363
6262
6870
842
3783
9350
3221
3670
6161
6170
7440
3915
4071
6811
284
1590
7592
9887
2623
2118
8563
6414
2267
9100
9706
8324
4557
6177
2294
3186
5691
106
4385
847
9387
3710
6148
2638
4860
3275
572
1777
4765
661
7485
1521
796
371
2261
7563
1438
7245
1978
1581
2677
8939
6467
5315
8811
2115
4923
6266
9360
5098
2854
3361
8348
640
3627
6547
9953
5026
879
4280
3546
7122
4878
683
318
9689
1720
3718
5062
5461
1281
6268
7635
2184
5545
6584
7426
9164
4808
3013
5515
1321
5368
4183
1455
6247
9784
8616
6432
7886
179
7642
7946
6135
5672
5133
7253
4435
1408
4743
4302
6077
8111
5622
4057
3389
7071
498
2812
7004
6973
823
455
1345
9205
2975
6076
550
2549
2686
5454
1940
1307
8879
8994
5046
1770
5560
7248
1573
2382
1231
3964
1851
8237
2718
9527
7659
9532
7636
4639
2516
9559
5322
3421
8486
8970
365
5133
8478
9077
1506
6525
5618
256
4090
3568
5764
3964
7987
3912
2412
4510
3956
152
2239
5269
1169
258
4248
1083
2763
3624
6360
3100
2044
6160
3570
8974
1447
8648
3604
1573
1605
3510
1084
6724
6674
144
4099
8579
9522
2819
5751
2771
6456
2444
3495
767
4981
6845
3201
2334
1898
9978
637
7974
7133
5792
6866
6889
5733
4063
9988
8292
9770
4869
3295
2568
9215
601
950
1442
8038
2726
2434
1482
5330
7041
1227
8953
286
3501
1918
7163
6621
1817
9317
1723
288
8263
5400
3883
4377
6836
9383
5215
7639
2713
6031
6317
1790
5620
291
7763
4054
853
5228
4166
9349
2685
8178
5927
283
5099
2979
701
3184
9229
5532
1063
2161
8515
2865
1810
4455
6059
7719
459
4686
3324
916
3201
6108
1927
161
1589
715
2967
320
5895
2467
6270
6860
8444
519
187
7655
1457
4285
9130
6341
4101
3746
4295
9848
8299
7312
744
4232
338
6850
133
7953
9163
8572
6784
4323
2903
8960
9316
2914
9316
3336
639
8840
4583
4362
6938
7610
2227
2275
678
5784
1677
9151
485
5778
1540
1275
4760
8556
1380
3898
9550
1163
1510
5165
3608
8154
2166
4156
5409
7595
1630
6214
4335
260
1959
3390
9806
3228
6390
8793
9540
483
5545
980
6219
2066
5381
4309
6871
4486
7254
7121
9055
5527
3824
5623
3810
7968
4910
6196
2466
7118
7719
7451
1606
9438
8342
260
6193
8928
9417
1741
3969
5374
2460
4279
3535
4072
2215
3329
3007
253
3780
7182
3199
249
1189
1620
7349
3901
5391
2956
2280
4333
5816
6963
7708
392
3291
7440
6243
8952
7932
2318
4206
4109
3566
6268
6436
3999
6490
9359
315
9498
7803
6495
3306
2936
7639
9084
6618
2509
6096
7119
5203
4252
6145
2046
8990
6457
1741
423
7686
447
9805
618
5255
8870
2154
1414
8512
339
429
9486
2493
1219
2792
840
4295
9369
5566
6863
4540
1832
3627
3922
2744
594
6642
875
1316
4790
8598
5904
4395
1282
1286
481
9494
2988
3516
6624
3266
3020
5016
6105
3147
9614
1310
5220
2557
4396
8175
7829
2414
921
6427
5336
7647
3078
6545
731
2212
5787
4845
6329
3603
9764
2401
7610
2508
1911
3054
1916
1067
9050
6692
9072
9272
462
818
5786
9246
1524
9868
5911
5082
8711
3827
7026
9909
2647
1490
6607
1296
8907
6538
3640
6003
1202
414
3006
2705
4142
7177
550
7386
5639
190
6735
203
6559
2505
2589
3886
5931
1928
4603
5397
1177
2389
2989
9397
7240
5390
4644
4244
5501
817
8873
5188
7084
1572
9754
8791
5195
3426
7067
7727
7920
7809
9808
8349
1735
9252
8542
9576
8887
9135
672
3223
4115
7152
303
5857
7769
7771
8427
1471
8967
1998
2208
9881
2428
6863
1978
5438
4101
6763
6364
5397
4726
7087
3953
2127
3187
4370
3663
8352
2042
6810
804
8952
4499
5417
9258
945
4624
8166
9067
8394
9537
2699
1504
2303
3465
1369
9146
2072
5778
7867
138
7971
9115
8588
3372
6012
4967
1175
3851
1368
9290
4357
1868
6762
5420
9871
1514
4390
1469
5458
1289
9216
5615
3773
8077
480
4873
8227
5402
1700
2184
114
7622
7133
3115
1154
7581
4842
4934
5906
6224
6734
7332
1787
4171
6534
5774
5678
8958
5661
5078
3913
9747
4282
6276
7362
6884
7030
8274
3020
3941
1844
4379
776
5465
2252
1645
3346
6972
9809
4980
7389
5516
6134
3368
2845
3553
5135
8524
8515
7075
2013
2482
2801
6974
2616
509
5570
3079
2875
4166
2422
7160
8240
9739
8345
3513
9849
9657
7231
6589
9885
4848
6931
3243
3445
2640
7206
6724
8287
8837
3679
4614
455
9775
8522
1630
8267
195
1285
5904
5151
3729
7997
8049
7725
3791
1595
3313
9761
3578
2347
2909
7284
8379
5099
3774
6682
2057
5203
4615
8299
2671
6592
8688
4569
6166
3489
4981
1266
4364
8590
9113
2811
945
2698
1058
9071
3242
6536
2719
9889
1245
783
3785
8646
5552
7204
4718
8407
9345
8190
4072
2528
8070
2847
9152
5137
8657
9204
6349
5628
8481
4270
1310
6618
1379
8567
2032
7687
9909
7441
3180
381
6265
3019
4662
3556
2430
3439
9745
2455
8849
2941
2000
9552
8769
1802
6888
9745
8464
2922
1334
2354
6286
3743
8679
7220
9971
6035
7349
7735
8144
4803
5502
7049
9202
2110
3999
5161
3331
2603
6236
2352
3258
1745
6658
9380
3498
1798
9348
7341
2069
1585
2710
6154
9077
5644
6752
2106
402
4023
8414
3814
6743
2280
405
820
7565
7648
9101
3344
1879
2430
4398
4420
8103
3363
2905
6690
7544
2535
7189
8056
448
2513
8708
7791
6773
9142
2248
3838
7137
890
292
5182
7665
3174
229
2182
5715
9913
959
3197
147
4343
525
3890
9479
4715
1669
4534
7217
783
2182
8617
8017
9321
7743
2673
5216
338
301
4194
8639
4398
9872
4912
487
364
4471
1987
7683
2053
5327
9339
2358
3497
4495
3954
9363
1039
3701
2677
3103
4126
1578
4331
1609
8666
9675
9097
7803
2267
3359
7836
772
970
8434
5256
8876
579
2718
2480
1883
4818
9439
3998
5153
7248
4952
4982
6690
7832
9445
104
3710
4459
2937
7557
2716
3485
8144
6654
9922
1566
6514
9178
1539
2652
7306
1356
2017
4381
3455
4860
6183
5150
4276
1999
6901
4469
8026
9966
8254
2082
3395
6487
1164
4851
2770
5321
9620
2813
1251
2401
9405
9047
5267
1636
1775
2492
2702
7608
3836
9814
7453
7988
7896
3111
7342
2556
4059
5677
9458
6781
9874
165
7708
7875
4723
988
7949
8775
2526
6740
1071
892
8754
5849
4410
6148
2511
1429
2764
3371
2160
7094
7307
860
7193
2295
7497
8828
3263
4671
9095
1461
9274
4852
3454
8910
393
2088
6685
7434
9736
5919
3240
9454
8281
8554
1914
661
9564
1386
4124
5720
6254
8523
1408
4791
9157
1900
2684
5899
6445
4895
8370
8596
9172
8247
2647
1984
999
8488
7437
7252
3742
9242
5847
5804
6523
4578
4599
4490
3513
2885
2488
3283
3820
3565
3808
4714
2534
7919
4109
4921
4205
670
4852
9073
8753
1221
1354
5637
7604
4377
9472
705
5560
1411
3670
4768
7476
3304
3490
866
4912
1285
7866
3482
7592
6848
5480
1072
7165
1882
2155
1805
8636
9873
8995
3282
8057
5016
1217
8446
1637
3026
4064
564
4522
629
5373
8685
4505
8931
7603
8053
5919
6318
9773
6432
7908
7240
3285
6920
284
5788
4976
7540
3491
8733
2046
6807
7064
6797
5579
2912
9844
2616
6116
5052
6068
2526
2010
5224
5693
1330
5660
8468
5143
9137
3980
7075
5129
7128
435
3438
8233
7344
1645
4500
576
999
7478
2345
7316
4210
7073
3620
1669
4782
3261
6522
1367
337
2330
8076
2992
4916
5899
9394
4442
5399
3636
1482
4055
8293
7716
5195
4042
1207
6598
7247
4651
7638
3006
7070
2271
4885
7363
9346
2631
8250
4482
4097
8493
5307
2560
4315
5356
9914
5568
7259
4340
8913
3748
2838
1126
2405
8314
5367
9816
3557
2643
1260
8222
7446
1970
7113
4008
1180
7655
9971
2130
3163
7770
8582
8232
5371
2246
8516
7671
5077
4437
5275
5608
2126
3906
2691
4984
7029
235
1459
8810
4604
2324
1050
3608
7515
4684
7150
671
5001
4478
8711
1987
1549
1239
7498
2151
257
7016
6417
4039
9131
254
4398
231
868
4692
1710
111
1565
2728
5156
4761
2508
4503
8504
6214
4654
7772
8929
3865
8923
6097
9550
1289
7961
1387
5047
5778
4427
9704
7186
5050
8528
3655
459
4821
2853
4936
6753
8405
2166
3240
8983
6516
5473
2930
251
5696
6987
8967
9411
132
3783
2642
1051
2424
9792
5559
6944
2248
1520
9905
9265
7026
5843
6751
6511
9904
8012
952
5113
9025
1726
8960
7130
8322
2836
4913
6752
472
3517
4361
6545
3473
4470
6380
3940
9311
587
3563
9113
8045
7155
5744
2874
2285
6076
4785
8697
8749
2050
8469
7701
9695
7310
6201
2111
479
6400
3612
4581
6578
9795
7889
3461
7431
1958
1623
984
5224
9659
1675
2639
8101
8363
8714
7234
2308
9206
5872
5453
2477
1771
3017
8622
1834
2308
258
3311
9549
3206
632
1698
2390
8107
5366
8348
9730
4010
5587
7351
1680
4053
8796
3804
7334
5687
8445
4005
9377
3447
6808
5077
4501
1027
7293
6001
6998
3121
3403
8546
4028
3162
1352
5898
4824
8390
4663
3933
4610
2403
3290
4662
3906
5789
4173
9975
4693
7371
6764
2597
1824
3445
3331
3825
7900
8934
1140
4580
4823
3485
7031
8382
1295
4041
4222
8833
6398
1221
4356
8397
5079
2237
9788
8256
2406
2454
6186
4681
805
4286
4517
1870
8722
2204
5170
1969
9419
9874
8249
9967
2712
8405
5398
9702
4344
5574
6150
6506
4717
4120
6594
1596
6704
6513
4369
6942
2045
9108
4641
4607
8935
7401
3320
6888
5772
4278
2507
7229
9303
8871
5746
6456
1899
736
1612
6309
1623
9878
6516
8017
6035
7620
6273
179
9684
1066
9068
2250
3045
6280
4147
5746
8248
4119
8995
2312
6078
418
7309
1365
4371
1945
2155
7751
7797
5795
7263
2499
7686
6645
3919
370
9085
6002
9322
3726
2426
8197
6648
9756
5103
5051
6672
7206
5878
7214
2188
4732
394
2134
5352
2543
6862
5638
706
5192
2184
6710
7985
431
1647
9381
9627
3648
6899
6453
6465
4823
1497
5522
3331
1294
2185
1903
1097
8689
1909
5505
562
1268
6510
7247
3726
3686
1486
5076
806
557
9182
1472
4313
8937
5127
6598
5270
8057
3260
3230
412
8653
2187
4629
7834
1150
4784
5640
3544
280
8970
8462
3598
6607
8576
5000
4103
4748
3083
8134
1958
7693
4825
5763
8113
7248
6264
1573
9877
6721
821
534
1714
2624
8280
1108
9121
268
4345
557
7568
1413
7605
5464
330
4199
5197
7716
4697
5948
8617
6353
4279
2059
8374
132
9933
4739
5933
8362
4666
8494
1009
4350
5323
4431
7734
7020
7675
9323
7743
9561
2454
8455
421
1363
8141
4074
7742
3759
5050
5642
2428
5878
1717
5170
4577
6327
6160
7620
1146
4396
6317
6273
8123
2986
3663
2813
2394
5299
6731
7024
5056
7231
4653
4781
665
2084
5365
3544
587
9584
2727
7236
8354
4917
2858
2610
7513
9586
702
7157
7026
4962
5684
1783
1330
5573
7062
9419
198
2234
3373
3372
8263
6017
7880
9363
1038
3908
2169
1289
8161
3892
4548
5332
3900
4574
5700
823
1272
7015
1263
4892
1737
4255
4302
7959
8840
2403
8859
428
6568
2940
3242
5014
1433
6269
682
8201
660
3737
7691
1224
3687
9794
3610
2886
1329
4644
8409
1200
5034
3690
2590
1914
578
6989
8579
2898
7662
7210
2924
4933
5935
8124
9644
5252
212
8546
5525
2424
9422
3840
9302
7471
333
2821
8810
9259
3634
4726
1887
2354
7498
6250
7861
3397
1211
4509
3802
576
7420
6911
2501
5616
3985
3102
6258
1606
9477
7778
4970
3065
1446
8068
8084
7172
5050
7990
9012
8294
1356
2514
6986
7530
8113
790
448
5247
4341
5618
922
3011
3452
8854
7774
887
3592
3428
876
1053
9158
8403
3286
3292
9518
8323
1879
1040
9676
4433
8707
6213
8323
9469
5527
3290
9092
4371
4998
8689
2690
5930
2066
7047
2857
4190
1286
9340
5685
2313
8347
5713
6058
8612
8473
7078
1726
4336
2538
8559
6028
6597
4472
9740
7828
7450
4314
4218
4682
6940
5812
9608
3891
4681
698
3200
2412
3492
8746
5851
8184
7943
5275
6293
1253
1323
3575
1655
7855
9897
8685
9439
1902
4460
2021
2349
3611
5630
3326
8898
179
3067
1534
6617
4215
5792
8096
3994
391
5701
1134
6740
9929
1806
5236
5719
8197
8149
4858
5897
6589
8703
6512
2529
7783
8776
1314
6491
1631
7033
2035
6390
8597
1888
3104
6583
6140
3124
4769
8134
2694
1762
7932
4824
9354
7192
7394
5158
1720
5840
1971
2462
795
5020
9243
6833
8495
7629
9486
5981
1017
4470
1260
6488
5173
6611
1698
4022
3885
3561
3239
3092
878
9767
8984
6720
7330
4646
5210
2764
1611
1311
9903
4409
697
960
435
7760
8892
341
3199
6783
7486
5375
494
2921
3294
8779
1586
7631
3858
8632
1113
7923
9179
9765
4985
870
9503
1788
7816
6910
9746
5698
7437
4467
5539
5132
5586
4590
1857
4629
5696
1189
873
6991
1700
1226
1309
4835
1030
9270
5645
3385
2214
9955
7069
7065
2616
4210
4936
8442
8541
6823
8416
5403
8114
5437
1584
6219
3409
6800
7879
8123
2653
8835
3297
9916
4270
5293
9330
3223
6234
527
6490
3181
4146
1565
168
264
6822
8285
1689
1763
2246
1349
2633
4279
3026
1154
7497
5209
6729
9474
2839
3485
1487
7811
4156
9279
5294
7564
1415
3970
1845
8234
5833
9804
9878
7244
1936
1103
7173
5584
4813
3129
5776
7527
6477
7381
9792
2696
3910
9476
8968
7053
5152
6934
3193
2846
8053
1959
7180
9040
7024
3978
9271
2038
6239
7771
7348
7667
397
4013
1813
7594
1399
994
5128
5937
4871
2179
1792
2664
7218
1406
9364
2603
8950
6517
1635
4661
4649
2313
4037
6720
3294
2947
5754
7158
8741
7926
4611
4195
8504
1890
9344
578
9875
1053
1743
8376
3167
7516
2688
8292
790
1824
2930
7622
5964
219
8299
8417
6573
3593
9147
2274
8034
4512
7973
324
9717
2545
7543
8967
2643
1422
2512
9185
311
263
5376
8276
805
9975
7613
8553
5515
8337
9674
1410
5924
3345
4823
8042
6528
266
2775
3041
8122
3753
8990
4552
6773
2145
7066
8005
3277
7873
7067
7399
1093
734
9207
3840
5308
3541
9966
1681
9287
113
6744
9666
5853
4621
9174
4016
6964
5519
4441
1828
2191
8404
1366
6405
9371
9232
8305
1992
4574
7513
5148
978
8248
9739
9817
5981
3086
2110
9327
512
5151
8065
3533
9430
9051
225
1105
1531
3687
7032
4230
7446
3014
5757
5298
9651
8983
8625
4332
9520
5914
6205
2802
8968
5340
6512
9716
2184
3513
7918
7220
4274
176
7694
489
1187
361
4815
9711
7489
1625
5593
4607
2016
2051
4271
6527
9085
7891
1867
1310
3388
3965
7485
9477
7127
840
8826
6638
5264
3189
8352
6837
6296
2153
6044
8052
1692
1272
373
407
4242
977
1395
9931
5624
8448
7805
3389
7593
6873
7891
2875
8123
6177
7187
4671
3206
8628
618
8248
1567
3881
2170
8192
4840
1450
7919
6801
7959
3820
7770
7906
8925
5458
7173
9859
6973
7250
128
9768
2020
9286
7446
2935
573
5597
9835
9523
1942
2841
461
645
7129
2458
4352
3555
3640
4375
8058
7134
8586
1533
8822
9667
2296
229
3633
5748
4320
3905
2350
2593
9149
3802
8591
1215
3506
9122
115
139
293
5918
3421
9576
9822
9900
3156
3910
1270
2655
4518
5986
6921
7181
4600
7513
8188
3498
5830
4930
2795
3630
1926
2484
9393
7357
1431
2625
8744
475
262
3342
6522
5434
816
5442
9456
8263
1631
6477
7742
9032
9574
3819
2787
6260
8676
5928
1039
3704
7326
1270
5327
7199
6984
3130
6495
6847
1646
1117
4159
4476
3452
4521
4341
3105
3418
6297
9031
3228
7686
9422
4284
1337
4337
3353
6988
3959
5422
7028
929
9109
1515
2974
4489
2267
5920
4440
886
2098
3971
8494
1476
7714
9694
6422
9654
141
1647
741
6523
6049
5903
9028
7920
3088
1226
3201
2763
5382
3066
8285
7100
3202
2241
1512
3459
1300
5014
5161
6013
5480
7082
5929
3453
8081
1661
4456
6618
2383
2426
2098
2741
2714
6023
9280
7851
1994
5069
3713
6794
3793
4630
3324
6597
7065
8148
2784
8717
7630
6300
5007
2007
9282
7160
3034
8290
4073
7127
8051
8278
7381
6444
9448
2165
2773
4625
5275
9946
7027
8178
256
408
1805
8897
3903
1547
5729
147
4044
109
7684
8115
4419
3899
9888
5453
3475
4696
5171
7028
6386
1208
477
9327
8716
214
7009
6604
2742
6027
1528
8686
9807
7307
5739
6269
5698
9751
2820
5335
9375
5879
3416
622
8594
9529
9293
9634
7749
1794
618
4909
6307
128
4352
2477
5196
6434
7449
8620
879
7474
8662
3692
4483
2650
3037
2090
3502
4157
5093
9144
3409
3132
9842
4916
233
1434
4365
7456
6777
8162
2384
9147
3600
7296
4725
2964
5069
5500
7489
4365
9118
4204
8052
1710
5797
5535
1087
5312
9376
3351
6855
8570
1375
8627
741
1563
4532
6094
6508
8159
6077
6939
2860
3372
1018
254
8027
3070
874
3769
9859
1105
7227
9170
3623
3688
628
7419
9951
7538
925
9833
9803
5730
9862
5473
4424
5473
3541
6231
9019
5539
8891
7740
4752
2892
5734
7506
350
4012
7520
9554
7271
3559
4131
7155
7704
3856
5167
9082
603
2952
2648
6198
7463
5021
9968
1493
8695
1913
1223
6474
9843
7693
9145
1832
139
4279
2118
1250
7454
4744
4471
9698
1941
4434
6514
885
5199
168
7585
3475
4005
9790
1533
4385
8126
2889
654
6508
8272
2017
2007
7379
6835
4048
6559
2615
6372
6333
5064
8006
3297
1570
6153
9365
550
3061
3794
1246
2049
869
1689
9461
2248
3930
7432
6910
2545
4392
5745
1084
1551
3806
8083
744
9262
8162
4325
1648
2427
8413
8254
1825
7284
6970
7895
5635
2832
6133
3066
5219
5449
2913
7432
9475
4332
2003
9999
1632
8100
2539
3089
3701
8724
9844
1400
3419
3347
6655
9886
1688
8804
2977
1445
7275
3173
2967
1083
7708
9135
297
8582
3022
5524
7286
3544
663
7009
6452
2723
288
3476
1291
5643
3898
2020
2857
2113
7700
7604
7595
6076
7234
7933
7977
7093
5458
4435
262
5975
1834
5556
3677
9232
1881
7557
9614
5626
4132
6210
6310
8302
2012
6663
6355
3041
8852
9837
300
1983
4768
1720
2740
1186
976
8369
2937
3894
205
6929
2644
779
8678
7073
8386
4439
2584
5780
9595
6451
8386
8801
9597
1025
6786
1569
8130
7121
3857
3512
998
333
4033
1471
9856
5955
7705
8109
1188
5429
2154
3302
1902
716
7572
8931
2356
7754
9204
7496
8408
9010
7373
5722
4597
4613
429
5206
4026
8195
7765
596
4343
2037
842
7413
7879
749
8893
6110
8233
7345
2803
7167
3030
6653
3448
1282
3796
7238
2801
284
9409
3653
1449
4364
9093
6641
8329
5802
7769
5073
1354
9439
4692
9459
2830
3567
2838
6662
7928
3256
8912
182
4911
5376
9493
2161
4993
6942
4456
6752
9726
8850
6728
9658
8270
6775
8947
9644
3976
6352
5716
9362
4740
6407
4584
7109
1004
7224
2258
6151
1293
1407
5348
9768
3683
9465
1627
168
7697
3517
2869
4283
8983
7706
1335
2501
1558
1373
218
4050
2154
1284
3653
2433
1104
2969
7705
2403
9478
9313
8311
8372
2763
6445
5136
6059
3740
3348
4087
8087
6446
9031
6255
7187
9082
6513
5606
7882
5832
757
4026
7280
4319
2115
3271
7367
3124
5264
4733
9427
588
323
7997
7751
980
2078
8671
3221
7354
5382
3844
2122
442
7694
2045
4234
8531
4492
2887
514
7607
7908
1566
1558
1927
8837
3695
479
833
2021
6181
3393
9294
8023
2230
1544
2392
9273
9368
3359
9025
4762
5722
3026
2987
1923
8956
6148
3922
8214
8211
4704
7152
1125
4367
2277
366
3148
4520
3225
3306
5228
9638
1225
8907
3570
8135
1763
5321
8962
1625
4106
6156
6972
4954
8204
2546
7740
5750
626
7852
6796
6985
7776
578
3762
7793
7301
1849
2227
3623
6034
9516
4628
8309
8476
1614
9878
2538
727
6554
8744
7493
5313
156
1973
1890
5325
7360
8954
2014
4241
1382
3427
5633
3048
9213
7832
811
4096
3580
6263
7089
4390
7756
1673
7625
2839
8539
8264
655
8232
9208
1642
7703
9573
3603
4756
3469
7092
9170
279
9356
5618
9471
853
7143
5889
7454
344
4477
8644
5022
3603
7718
4100
7450
5828
591
5158
1303
8490
2140
7059
6974
9320
8060
2485
1749
3155
5971
2410
4141
8529
8811
5182
8769
3324
5855
9856
1387
8427
8459
2882
3495
726
3089
7871
1863
6774
5644
4204
4692
5730
2530
4525
1203
9238
9336
6058
8820
8943
1399
3697
873
5567
2636
3067
9616
6308
986
1383
462
2564
7816
2054
3448
7663
3834
8937
125
1295
3787
3739
276
8490
2249
2460
4427
3815
3714
2176
6744
9776
3079
8035
9592
8577
6767
2191
2584
5302
6079
398
9354
7245
9859
5921
4636
6124
4582
3202
1305
6093
6449
8662
585
5963
3700
9840
2866
5113
1471
8662
9203
5535
6051
673
5183
3894
1412
3806
5262
3487
9816
1585
6605
6707
5307
8211
2732
6173
9628
9414
9105
6419
2477
9883
1903
5731
5569
657
9791
2972
5474
6127
5774
5038
5194
4028
6924
527
289
9699
9870
7340
2831
8179
6562
8080
5217
9196
5056
9289
149
4058
1677
1944
3748
6422
8682
5105
3736
7996
3048
5244
4396
3756
9399
3927
2835
2788
6886
1910
8432
7541
7024
7390
9662
6947
3433
1560
7763
2693
7878
8420
8984
4251
829
3622
4942
9249
4771
6604
5788
5931
9698
9581
1528
9214
1589
4530
4204
734
8901
9250
3103
7780
1346
6368
9591
4075
4183
1924
2441
8281
317
4952
2816
6544
7965
9919
8664
9565
4629
9316
8211
4908
5697
5260
8125
7882
3607
502
2480
9815
7439
8599
610
1191
7756
1267
5291
5875
4843
1229
1631
7684
4846
1676
5263
4144
5124
4468
2040
397
3220
7485
2170
1519
6575
6306
7849
7466
4804
2965
2389
1481
9732
596
8656
3531
4509
6491
1033
7570
8047
5705
6734
630
1544
3344
3595
1088
313
4867
2385
8050
7922
7583
1492
8515
1805
1497
2550
8520
5506
7243
8314
4042
1417
8666
4406
2625
4064
8761
8876
5622
1561
8691
6065
7442
3436
3921
4566
4290
8239
339
9348
3765
1950
2556
531
6744
8509
8188
637
1862
229
6968
7236
5120
6560
6787
9176
1843
9889
5251
2558
6083
1317
2519
8064
4174
2504
4868
4301
4709
8442
8644
1591
4030
4357
8903
1197
5879
9801
4600
9997
785
382
3683
7969
6149
2827
9199
9778
821
3000
2008
9906
1275
8700
2685
2689
6245
2843
4893
8944
1742
5753
2717
6023
7680
9404
9235
3720
6312
6343
2722
913
405
5489
8787
9085
7668
2645
3299
5265
8839
1553
8679
4662
1408
9844
7893
191
5502
3260
8784
7712
4795
4284
3538
9039
2738
6512
975
5748
1668
5335
7493
1226
4670
5674
7768
4485
1904
8565
2738
5377
4782
6733
3666
3799
4398
5815
5697
9209
4791
7610
3979
5401
8635
2558
4048
8048
1793
5646
8877
7297
5916
4003
4458
3678
5047
5169
2032
8091
7186
9819
8349
4144
3191
4743
4859
7732
9408
1358
2226
2565
7928
5016
3891
4944
4068
8587
3487
5674
9113
9590
7303
2998
9800
7018
3941
1448
1895
3154
4013
1595
2937
4769
6672
9045
8351
8139
832
7734
9226
6497
8295
1055
4468
1387
6834
9634
1995
1507
3499
2872
2469
8468
2117
3618
5014
6156
889
3477
8920
5247
2577
2077
7380
3606
1943
3344
7163
9395
387
631
5614
7944
6657
960
9131
4135
3695
6769
4583
6919
4214
4183
7649
3389
5999
1335
9262
4966
7724
6517
914
7572
3730
4591
2741
6484
5593
1322
430
4590
4067
8222
980
6555
3101
1707
265
892
8241
4960
1400
2092
904
6100
1445
9081
9394
3390
546
6065
5852
666
594
3244
1423
5640
7413
7541
3332
9695
2004
5060
9026
3153
5890
8906
6620
9197
7574
7202
1593
3679
2865
9292
4692
6458
3186
5267
9999
3589
9066
7720
8494
3710
3789
8793
5892
2645
4378
6909
3875
7599
3504
9072
2269
7443
6517
1132
5754
649
5703
1376
1890
2840
1009
5271
9381
5086
9918
9150
6237
3694
4805
4001
8467
9278
6998
5403
7242
5004
2498
1418
9441
6455
1948
5884
7592
9947
9018
7219
1278
8416
7333
1903
9811
3578
4661
9610
2905
4038
4829
1142
2873
1122
1845
2189
5866
5048
1805
8990
8753
5773
9368
8366
7257
1837
6086
2517
2960
5846
4319
8457
1240
5185
1569
2392
9482
9393
4512
7609
1851
9368
3843
1302
3263
265
717
5450
1571
7973
6835
420
7421
2391
4877
6610
957
8238
8035
4009
6768
5465
9706
4101
8404
9958
9654
7349
1671
5066
7566
403
9859
5974
1721
4078
9941
9086
2553
1376
3016
1170
5650
9099
8291
2512
2299
1547
5847
1242
868
1617
9478
2048
7040
1129
9017
1606
5475
1907
8445
5877
7492
9135
6056
9849
285
186
2477
8953
302
3551
9250
9119
5341
4841
2498
9988
3336
7815
2034
9120
3013
6629
5660
4941
3507
1766
8130
2135
9671
8957
4586
2735
4051
3548
6787
8002
5336
8891
5884
2280
4612
8502
7257
7704
191
2732
7402
1482
7361
7801
6829
3024
6468
9094
8807
6475
1337
8814
2880
5270
209
1194
8658
5014
6976
4379
9452
5777
9979
1433
8113
6935
1853
5762
1958
3472
1042
6795
5808
937
540
9053
7358
4575
4757
669
6040
6319
3596
6458
8665
9597
8402
4188
7363
4111
8176
7765
6861
5136
9699
6260
7468
8845
269
1238
1432
4882
1531
6627
6578
9182
7044
7742
3244
9704
4105
7235
3607
145
7325
1585
9880
5832
6977
4281
887
3471
7710
3294
2645
3356
2191
708
5446
2054
6931
3518
8722
6508
3276
9448
1520
8029
5610
6721
3568
9452
3599
7815
5275
270
4886
6151
6753
7078
1527
6589
5704
5669
3336
7210
6563
3111
5650
1209
6307
9976
5579
7286
7556
3756
5920
6743
3948
3206
865
7223
9630
4076
7726
206
8466
7925
1037
9766
5006
6415
5250
4806
2520
6879
1995
5201
9594
1992
8841
319
2460
1386
9790
9861
4354
4289
5795
5005
4203
8593
1425
9829
1043
673
8218
6310
4269
9741
7046
2733
5008
6698
5144
2650
2200
7162
2123
8433
5176
7871
3894
7252
2837
5934
525
2484
3963
1154
7126
1529
8963
6864
2214
5189
4729
8408
1825
5205
8250
3911
1283
8586
5715
980
672
5988
6617
1448
9981
3865
1577
8410
9616
6790
6159
1453
8089
4815
6724
6244
2305
9248
8173
1305
9096
366
2858
9719
3841
7184
3563
6816
7417
7604
7568
8049
440
5182
2198
7302
1193
2436
3281
5927
7748
5780
6532
1975
1745
8594
5414
2826
9498
6303
1683
6550
6475
4041
5987
7195
8219
6937
6699
8664
4506
7920
2954
1132
7423
3296
522
9894
7186
5739
5271
4087
8363
4438
9199
7657
8743
6397
5565
5440
3118
1392
4458
8478
1126
7342
2682
8913
9128
1845
9291
8619
4770
4291
8119
6914
6853
8493
4597
3408
2527
3935
5150
5820
1306
6152
185
3474
4211
4695
6009
583
9422
6618
1730
233
6532
8529
3585
8290
3696
3904
7399
5390
3592
631
4975
5378
4026
230
6209
4373
446
9130
6204
399
2251
5465
2277
5173
7446
1276
4184
3192
409
935
3959
7922
5758
1711
4040
1947
9497
6421
2793
3363
9176
5175
4808
3338
4959
6812
4063
638
2916
8280
8275
1315
5695
8110
5172
829
8841
1983
2408
5095
3861
1432
3055
7936
4020
4915
7352
757
9310
9868
185
2834
5051
3811
6667
601
3472
5991
1486
9653
6395
8120
8260
5260
5094
6678
7285
2683
6861
711
7194
2232
1949
8728
2244
6652
2130
2659
4282
2634
1054
2529
7286
2849
3930
7074
8253
2711
9889
8244
1897
5575
8079
1094
3588
6335
6989
6858
2896
6363
7007
5373
5527
224
3283
8825
1394
3767
5863
4604
5790
3495
4563
8712
1642
4863
7294
166
540
5326
1629
1639
8183
2920
1711
1197
3570
1314
1865
3393
4677
3258
555
3295
4950
4386
2761
3884
9866
9750
1948
5711
568
3588
5997
7274
1665
7683
7968
6149
2614
5120
7781
1179
1062
3293
6696
7346
175
9724
4457
4166
5222
6445
772
5823
6401
4524
7087
2504
8590
1410
2991
6183
1521
2092
1663
279
3250
4654
8807
8256
5712
5569
9620
2893
3315
1188
5674
3349
6252
2304
7354
6727
8414
2276
6370
4215
6825
970
3636
4329
6653
1320
4291
6198
1179
1305
6803
4883
7555
8971
6342
4887
3655
9008
5423
2946
1629
308
4674
8461
5585
3209
8211
4148
555
4977
3763
4011
8740
1039
9704
7328
6646
1906
1325
9851
387
5826
