5428
6255
4930
290
4945
7407
3691
586
4595
1395
5136
6504
9377
3869
1181
7796
6484
5293
8420
1357
4885
5033
3814
1937
7534
7970
6591
8998
8855
1952
2551
4337
5514
4781
3842
3667
2009
9387
1066
3312
7013
8831
4150
1393
9247
1302
772
3731
9663
1894
7022
608
8432
4609
7167
7847
8686
3891
4907
4514
9226
1282
5476
7939
3206
3751
6225
9412
3318
1107
3716
8647
9118
6944
7781
4001
5121
1975
3277
2759
6148
5735
8829
5100
3330
7868
940
7886
6131
3558
5278
3532
8904
8467
1918
1415
4900
4252
8076
3972
6370
9256
8872
5193
8424
2097
863
4929
2318
3756
3555
4558
8710
835
1731
4992
6031
2418
3833
4451
3341
3197
1685
5038
2064
7414
3372
4004
5252
8199
4973
7379
7358
3705
7948
7905
5896
7500
8956
1271
3004
5501
9634
6262
3446
5287
2673
1135
9526
4826
8989
311
8498
1669
951
6432
6390
5778
804
4963
8843
2889
7359
3039
8790
1053
546
701
3627
2465
1397
7874
674
9153
894
4640
5008
8266
6307
1283
8084
531
2582
440
3569
3757
6431
4691
8142
4872
5840
7702
6272
3796
9189
5512
290
1378
2860
4197
9522
3558
2069
4737
8486
3827
5580
4197
194
698
5595
9094
6333
489
373
4326
8093
6413
2079
5714
4921
759
5272
8401
1959
472
2419
4673
7570
2087
5754
6882
563
2195
8130
3511
5604
4907
2487
7227
6710
3911
2795
7174
1230
300
9412
5758
1520
4128
4836
3933
8288
837
2620
1243
4405
5397
4308
1831
2348
2809
8466
9007
2262
253
7124
7458
7018
1724
1109
6389
9586
7135
6895
209
2558
7823
5387
1113
1489
1084
7586
7951
6907
4640
6211
8302
6156
9058
3659
3189
9087
7221
3822
7092
2314
2748
3926
9509
6185
6173
2726
6945
1596
2486
3359
1935
8221
5470
5160
4969
8156
9267
9599
7242
7951
5105
1000
4140
7453
5011
7926
336
1307
8279
8174
8396
4054
9622
956
3455
3615
6342
6699
8697
359
7598
3612
8647
6634
7934
8072
8597
8444
8785
5407
1585
4356
118
4841
3628
8811
133
9196
2178
2002
5279
4190
7443
8811
1716
4386
4387
3065
7349
660
9419
723
2226
7097
3991
1475
9473
2845
5496
6320
4156
7313
102
3055
7895
5079
8617
859
4660
901
3259
2629
8276
4589
3416
3956
6902
1763
6853
214
4002
3956
2275
7891
2844
5515
3061
1094
236
2167
9396
138
1842
8341
6339
5294
4493
7700
4703
3691
6455
6736
2936
3914
8630
5364
7892
8988
6909
5484
1902
9422
3184
8559
6744
2557
6298
926
7965
5692
7296
7481
8916
8072
7259
9159
7463
8569
946
2792
1862
7602
4516
4136
7160
7998
7282
1616
1306
5487
4795
2649
9237
1227
1043
3147
8196
2059
7546
2159
8835
4732
4515
2507
1701
2195
6592
8591
1069
6616
6775
3465
8686
7544
8354
4453
522
6989
6880
3070
6222
7047
2109
4754
2528
8668
775
1791
3217
9738
2653
9930
1749
2893
7636
3420
7467
6714
2291
1451
9777
4834
5615
6584
1643
4500
1956
7091
4152
1694
6644
9191
4935
4019
7202
9038
3273
2895
7563
5950
7778
4150
1068
3620
3483
8884
2215
9548
6524
5697
1685
1814
8790
8706
7381
2889
3286
4925
3870
1000
2967
8515
2277
6374
1641
8753
7106
3450
6277
1829
7870
5509
3923
6348
7799
1698
2989
2904
7383
337
6773
9205
2431
3818
8901
6375
8180
5530
9774
8095
2843
8035
2829
1596
5216
1860
9121
7574
2694
6005
7960
5368
6399
780
999
913
7701
765
437
4611
6430
6173
3911
3248
2943
5701
9490
922
4315
2462
8123
2084
5599
4439
4708
132
2600
6704
7628
832
4898
6658
5431
3857
6571
1638
2137
6289
7834
454
6509
616
2237
2211
4804
6716
963
6672
7389
3276
4146
8942
6469
4298
5614
7777
4352
2011
2229
7738
6362
4799
7451
6821
7321
8426
5575
7261
9274
514
4131
6249
4154
615
3875
6776
711
6204
9807
3155
7204
4086
7522
7221
3198
1066
2284
6138
7087
3161
1603
6857
1414
7561
1952
6150
1012
8778
5039
9077
1000
2884
2409
521
4518
1080
3871
8038
4616
9373
1459
9014
2792
8726
7625
4912
1906
8716
8371
5907
4884
6810
8921
2639
7020
2223
1573
8642
7387
9984
8936
5029
2788
5591
6428
5879
4717
7109
817
7720
1633
5088
1594
9432
2455
3204
8354
6606
6867
8920
7021
3263
1954
1418
1117
2162
8715
7284
5280
2552
6248
5973
2248
4497
7931
6113
1646
7866
4404
1172
8890
2479
5665
7358
6348
1918
5320
9998
3131
4574
4304
1857
6265
5057
5542
7965
5656
1729
9239
4386
1892
5659
4808
6503
2602
8168
9670
2706
2750
2299
4886
6325
2829
6911
7291
7884
3886
6478
9599
8774
2537
6589
6673
1619
7500
2830
6620
2768
1478
6639
9899
4534
5981
5093
6239
1745
2237
5338
6921
4579
1191
5443
6578
7581
6855
4102
5913
3455
2580
2514
5000
7694
3510
6718
5573
7747
6283
6235
1630
2581
1192
3845
3789
2721
1828
7576
5456
5212
3905
4044
7818
2498
1950
8750
2889
3177
7699
4102
5940
4814
4541
3219
1279
4526
1616
8278
1995
9907
4678
7571
3336
8146
3992
4342
1464
5577
1909
3708
9782
6903
5986
5640
2129
9367
5811
5119
7618
1398
4580
9439
7625
1567
121
6472
3880
2666
1621
6856
7875
1190
4691
4427
3775
5654
1394
8284
5629
1000
2065
6356
6126
5960
2299
7621
5485
6301
2993
5559
6322
4908
3609
4444
872
3956
430
6147
1970
4184
1289
3078
6916
1192
2989
1383
4277
4136
5454
5364
6367
9819
119
3699
1990
9969
7103
2947
157
2200
2613
4607
5573
8439
7133
6954
2449
5432
2598
510
8656
8904
6417
119
4409
2649
7500
4420
1171
6064
2745
5359
1000
3441
6070
4904
1334
6613
5588
9004
6594
2577
6686
3747
5079
1805
3115
2571
4382
2201
5615
5893
4417
4437
6404
5871
5109
4116
1759
2128
7647
8435
9311
5571
952
1819
7677
8492
3273
6107
4558
6146
2053
7995
8025
1091
4034
1474
9213
2882
6033
8446
6828
5327
5765
1522
8849
2725
1064
6532
4539
7114
6003
6150
6814
5012
982
1508
7650
9864
2140
6639
5586
7945
5649
3848
7018
6536
1122
5094
5791
7617
4416
9773
4271
8014
2051
7124
7209
5904
2043
3738
5298
9996
1106
1319
6784
5651
1321
750
435
762
8848
6532
8050
5187
8015
8622
9926
2767
9083
2849
340
2748
7239
6660
8656
5210
7989
3883
7790
5668
2429
2327
1279
1740
5106
6938
2304
9521
8507
4461
7979
6787
5327
5938
3997
3639
3945
2564
6157
5887
2247
2653
4976
903
4901
570
3077
958
560
7971
310
7680
9548
5507
5020
7049
8443
1844
2058
1668
244
6741
1603
2375
4376
1349
1528
7004
9675
8454
2681
7569
9082
3767
5351
6855
9957
7791
2231
878
6146
2797
9666
7453
4584
4707
2671
4162
461
8463
5012
6129
3014
8621
2842
2501
5479
8507
1277
9514
2667
5877
5146
7456
3844
559
9464
6679
7994
5561
8540
1201
892
9848
4861
857
7708
8132
1246
732
1869
7819
2611
8605
844
5347
5515
3328
7800
7746
7325
3035
3964
458
7018
7039
2352
5704
3424
4568
1522
3975
2019
4358
1677
4732
539
6616
9919
201
5827
7272
8349
452
8635
8431
4221
2262
5724
7401
3738
6159
8411
1134
264
6925
8387
2480
5183
9691
2802
9151
2324
146
707
5487
7710
5479
5513
8532
5858
3099
6937
153
4321
9531
4452
5244
4979
8319
1442
1677
5948
4924
5189
8278
1083
6328
1309
3173
8599
2221
9820
7232
1756
5612
6647
8121
3871
3437
1555
1213
3365
8570
1204
3880
6915
7674
399
2826
9442
8259
7216
1709
6172
8733
1720
7193
9920
9118
5504
2980
2272
1930
5987
1249
9440
2469
606
3667
4740
864
131
4479
2218
1762
4181
5559
8747
7233
9842
4853
142
7181
7697
5433
3459
4599
5992
6414
268
688
3869
381
6655
8649
2947
9625
1099
6963
3745
5894
5115
2811
7598
5596
8210
3709
3640
4116
3504
4792
7763
5542
9349
1534
3553
6203
6496
3144
1362
8687
8590
7129
5345
835
6528
923
9521
3722
4299
4347
7869
7034
431
1589
1033
7817
1062
4211
9050
3482
9785
8109
8219
7027
7825
1656
6579
3861
3455
3267
2160
6789
5079
2132
1372
6238
8639
9666
4019
9947
4807
7459
4831
323
9406
6679
2769
8850
3838
8266
8381
3682
2602
6887
7280
9383
2106
4341
4743
1218
6914
6703
1347
1830
1239
1604
4452
8202
2439
1135
4520
6646
2925
8967
9939
3407
2405
3204
1757
9206
4791
8949
5718
3904
4962
6795
5663
931
7291
7966
1824
7955
4596
2213
8760
4302
4949
6237
5374
8449
4158
7000
7156
5517
3185
4566
1372
1074
8386
1398
4393
7113
5652
4320
7345
8647
1606
2591
4954
6215
1636
7863
8923
1413
2431
3291
9514
5608
1780
8628
3428
9781
4203
8542
2608
4504
3360
3243
4296
1879
2768
8766
2233
9756
3730
5825
1695
1842
6467
5251
3162
4315
6108
1572
4468
9684
5768
3496
4925
4499
9968
928
3754
5210
1408
4051
3190
5599
805
1285
8576
5228
4192
1411
9020
5361
1318
6101
6080
2679
9237
6530
7057
1538
8062
5972
5110
8865
1208
5266
5370
2612
3890
4080
6648
7372
6355
3652
6245
2176
6728
1683
6669
8576
8782
3698
5516
1232
6922
7109
7202
5369
8762
4507
7362
5209
7345
7008
1898
2048
8666
3404
6484
2772
2159
4140
5197
3207
3961
6730
7541
7203
1031
4343
1942
8478
4383
4448
4278
2626
4317
6001
7139
5172
1802
1719
3281
7284
9574
3881
9620
4887
2718
6259
2569
6564
4117
2161
6845
7560
3753
6535
4465
531
5904
9981
9658
5335
4262
2419
1298
6255
1323
4752
3259
1273
2976
8102
8847
8511
6621
1532
5194
3249
2885
8630
8350
4843
6507
3685
8765
6673
3325
3294
7684
1698
8504
2194
8016
2677
2067
7072
5483
6396
6621
8698
2085
2499
4000
5216
1951
4290
1832
6388
8381
3987
2492
7858
9803
2217
6099
5214
2008
8216
9336
8908
2815
3810
5341
1649
2930
7997
4686
1358
8693
4336
8735
6658
4257
3974
6229
6600
9432
2566
6843
7808
1886
6725
1409
4033
4033
1312
4025
6077
4868
4776
4173
1268
1783
3108
7870
8273
5148
5328
5354
3142
9151
2466
3520
7491
7589
4419
3143
3499
3839
5543
7888
6642
6655
2906
4384
6518
5902
4613
9744
1013
4588
7639
2405
5647
2952
9452
2643
9539
1385
8160
5820
6718
9930
5025
4705
1638
2428
9972
9010
5088
3994
5819
3994
6334
7475
6164
9903
9355
4177
5059
1434
4928
9042
6537
4497
3137
9012
6517
6618
6558
2879
3299
8722
9451
6647
5421
4981
8194
6487
1255
2102
4308
5852
2260
1941
7912
4697
8122
7978
8649
6106
8328
7649
1483
8404
964
6444
1101
8973
6628
7038
9624
8583
9893
3793
4474
6649
8602
2160
9671
1651
5601
6610
1031
5019
6030
729
5040
3215
1503
7314
3653
1197
6585
9956
6989
3562
8440
3104
1151
6968
2192
7354
1975
5203
6325
5982
9465
1833
8777
2179
3851
2092
923
8264
2988
5152
1793
7276
4230
9006
9545
6980
3956
1081
2708
7390
1705
6937
5803
4120
2412
7941
1261
5397
4003
2578
1164
3895
7495
9356
9578
4056
7684
6107
8895
7357
1356
2599
5884
3121
3942
6219
2703
9310
1804
1857
6519
8061
2238
1887
6172
5334
5909
3905
8248
5762
7985
8699
1992
4254
3936
7351
6676
2838
7303
4812
5223
4115
8002
9397
2624
2879
1480
4547
7493
7202
2951
4177
1056
9095
3938
2214
1523
8411
3685
6202
9499
3874
2860
170
8868
8195
1416
2108
4444
9890
9982
2717
458
6105
1765
7162
2160
7721
6360
7097
8000
6712
1645
9955
3494
9147
2518
8210
8563
4272
6320
7527
2461
5461
2022
6931
7026
9250
8017
5040
8001
193
2443
4980
3969
4789
1110
5020
8315
3892
4723
5027
1285
7300
7184
3063
3592
9120
8226
4177
7484
9029
3679
1685
8973
1426
9737
4897
3428
7583
5835
2336
4666
9739
6417
2291
8311
9579
5318
1935
3376
1847
8858
3240
7303
6551
3993
7416
6659
6250
4846
5555
8676
9853
1586
9292
8050
5238
2547
4451
3339
5746
1451
2440
5459
7725
4253
7429
8818
4292
1607
4428
7649
2328
1305
2772
4689
247
3937
8834
5705
7766
1535
7943
8577
5032
979
5279
7421
6921
2777
1634
8729
6892
7249
251
1690
835
8100
7510
3250
7111
314
7427
9428
1833
8805
177
4705
5786
1451
7023
7616
9576
6697
7806
2023
774
5165
7333
3519
3220
9412
5639
2430
8392
8099
6730
9621
3602
3830
4638
7323
9436
3490
4266
6748
8280
9778
2876
7164
1552
2107
7717
9322
6479
5769
8234
8765
3190
8554
1033
1542
6050
2006
7188
9051
7786
4966
9398
6198
5318
547
8804
5112
7574
8681
8303
5762
8344
5050
2649
7862
5087
8723
2333
9525
7775
2461
7741
1457
870
5201
1024
2727
1428
363
5903
4600
5426
6103
8915
353
2875
2346
6158
4102
2133
8058
7552
4344
1374
2530
182
9452
2455
1954
9746
8472
8925
6205
6309
1575
5929
2188
2631
1165
1897
2079
9639
8548
9629
3963
4270
4955
765
3562
7150
1823
5911
9182
1035
4773
6330
7472
3280
9847
184
5860
673
760
3751
1886
2357
828
1119
2603
7739
3162
2026
1119
3536
6882
1030
2227
703
4643
3510
5660
9950
6884
388
7486
4455
5260
9344
2604
3975
3882
6085
7665
3109
4197
9375
8527
9133
842
445
8495
2036
1347
3796
7560
4318
3584
1689
8177
6664
1666
6884
5063
8729
4109
3441
5624
1373
2789
6493
4047
9278
4814
6637
6264
6940
5405
2719
6802
6627
9873
3381
6533
4792
3019
5812
5368
5046
1397
1468
6293
8476
5178
3721
3093
7076
6187
1573
6932
8429
9583
6171
5254
6031
4544
1992
8384
3541
3587
5902
1067
5579
2532
5901
7253
3103
825
5709
4154
5892
1683
6849
5510
1338
4078
9613
3909
2077
2711
6055
5051
2547
580
9461
2171
8819
1402
6296
1201
6341
1546
3162
7714
331
5963
1826
3113
5142
2343
2283
1344
5431
1422
3931
4088
769
2897
1721
8807
8077
3762
7053
3953
1764
2198
3794
1107
2370
2848
7126
1064
5901
6171
2319
3217
7462
6428
4868
4621
1273
2003
5970
1758
8376
3830
1522
1680
1967
7654
7198
3726
6427
1775
5668
9392
1010
3598
5377
1772
6929
1772
4119
5031
6087
6833
1890
6775
5641
7795
827
5261
1286
8920
2627
2014
2518
1564
1707
1134
5128
2404
1459
4831
873
3830
5053
2720
669
7767
1779
1032
7941
4911
2695
1021
1797
6524
7512
6081
1638
7656
6827
3734
5640
4138
1886
7631
6779
7203
7788
5674
2685
6347
3670
4665
3605
1534
2940
4313
4843
6631
7326
4114
3427
1014
2657
6269
5170
2219
7394
4094
3381
2673
4767
1090
4941
1051
7020
3202
2464
4433
5474
1460
683
6379
5362
1908
1778
2432
9238
3842
6062
4364
2060
8947
5038
5620
6024
6069
1859
8581
4849
6677
178
1746
3087
5772
9065
2130
6516
5250
343
4363
5400
353
5732
6678
4364
6862
1492
8306
2342
6779
1975
1057
1765
4416
9318
9548
5241
3433
7920
2168
1840
503
9094
1349
6960
3576
1463
9062
8120
1184
2817
6503
7474
8593
2659
9130
5932
7430
5150
5280
7972
5457
8434
1196
3146
8756
1185
7784
2529
3524
3659
7593
220
3304
1463
5192
8447
9713
6853
5463
6911
5339
2911
6875
7822
2444
8336
3011
5115
4816
2761
2436
8724
4065
4873
6636
4969
7503
5453
1512
2040
4083
9006
8783
2721
4044
7678
1209
7693
3459
2184
4463
3875
7817
6611
1604
4872
1347
2269
4739
1922
7863
1944
8543
4223
2475
4141
2357
7300
4765
3801
3144
3134
7446
7831
8459
5133
3060
4061
4142
2136
7762
9374
2496
6533
1881
3288
9961
1876
4891
3120
3838
7019
2067
8091
3544
6009
4701
5796
5434
5043
6919
7196
1503
7577
4896
6312
3234
2234
5619
4373
8433
5545
2454
9427
9041
4933
5374
9411
3013
5462
9032
6548
8301
2027
4497
7286
1659
4815
4929
3406
2331
8341
1900
1811
9669
2194
8883
7780
2527
8270
2361
4446
9611
3809
2175
6969
2268
9290
7329
2866
8232
2531
3160
1393
2594
4809
1207
7388
1013
2836
5532
2296
1392
2797
6551
4677
5330
6367
6830
7728
3810
1553
5947
5726
9744
4957
3692
4020
7823
7871
9581
9842
6976
3452
1661
8767
7785
2324
2531
3495
6018
7880
9699
5712
9083
4409
4178
1637
1650
6466
3765
2936
5350
4511
7802
7494
3197
2052
2852
5526
7509
1697
5417
1118
4204
8781
1306
1825
2958
4364
4143
6418
4063
9971
7809
1065
5440
5505
5318
106
958
6791
4519
5000
2483
4143
3681
3418
3273
7522
264
518
8930
9639
6481
8125
2669
6811
7116
2739
8377
2285
7452
7410
6664
4916
740
1091
4112
6372
2653
8229
5606
7403
9110
128
4875
3843
2687
1951
3114
7569
6271
6930
3129
2130
690
2359
1820
3460
3409
4678
8740
3733
2855
8278
2415
3193
3661
4801
4108
9547
3588
2111
3095
7950
4438
7134
4650
2654
8021
8302
2323
2634
4947
1716
4003
2543
1089
5297
4570
3294
3387
5214
8835
2681
3693
3556
1850
2154
4818
5166
6210
6334
9437
3362
5933
1305
4150
1610
7167
3327
9751
5598
1758
9381
3876
5074
3587
6854
4660
3704
6447
8921
1112
562
7709
5061
9013
2333
2649
8210
6310
7848
8517
5049
2354
4093
1257
7976
5198
1773
520
7804
7399
6637
243
2207
1440
8284
567
3461
5263
7724
1114
2408
2070
5547
7166
4200
2142
9528
6209
7408
8131
1032
5479
3152
3186
1035
3010
2687
9377
5870
3526
3647
4459
9336
7375
5658
6080
5082
655
9753
1977
2345
9544
6274
3008
4109
5498
8009
9526
1538
4873
9901
2973
6590
2882
1000
6134
9174
7065
6253
1458
7899
4852
6357
6473
9877
7820
2747
6229
7321
8017
1154
6142
5820
8872
3365
3480
4023
5969
2992
5715
6633
1327
5060
6526
1393
5144
3227
4595
8244
3263
558
4818
4050
5058
1097
4122
2060
930
6567
7888
5037
5098
7581
7242
2847
5332
1395
3855
1166
1192
1673
6964
9234
3548
4404
8199
6117
5652
1705
7031
1485
6255
1671
2038
4078
3554
2801
2513
4328
6066
2178
4806
1411
3769
2814
5966
5826
4303
1552
5125
6439
877
5985
2699
5853
7620
7112
1474
2433
1185
4270
4653
2246
8485
5447
2386
8413
6584
6221
1420
7423
3759
8265
1414
9031
1555
2716
4504
3534
7087
2882
3980
8927
5081
7503
9822
1671
2934
5506
7356
6823
3999
7288
7461
8195
3423
5712
5095
9613
2021
3137
7514
5193
2260
523
5669
4059
1777
7662
5975
6914
7900
2962
560
9937
4515
467
9981
9998
3962
1603
9726
4454
1146
8581
3697
5603
3321
4227
7977
7337
5360
9116
7337
6079
4977
2872
9263
4624
6087
4900
9398
1897
5468
9199
5197
9397
6233
9670
3676
2537
9304
7415
3923
6742
3452
2813
1107
4500
1796
7181
4079
2002
3838
3778
1217
2249
3956
6284
7484
9443
3133
8641
7168
2800
8058
3193
4372
2514
2838
8882
8844
1865
5794
4317
9063
6722
1498
7440
6151
8292
5529
3642
5396
7203
8263
9133
9076
3458
5578
7836
6395
3117
1970
4130
1361
3626
2446
4902
5478
9661
1140
3463
4981
2024
9900
7179
5575
2879
5887
5403
4409
3853
3464
738
5768
6442
3985
3492
8232
4729
9299
6767
7586
9178
5472
1536
3498
4103
1034
1376
8371
9817
959
1924
6933
4987
2359
7358
7087
4967
3587
4724
1502
243
2310
8805
2821
6640
781
6284
4233
1680
6000
3964
3348
3115
829
7826
4119
8049
4332
8424
2572
2118
4530
2144
6170
2715
8006
4478
4867
8489
3040
5869
7690
7939
1925
6128
9169
4090
265
3527
9201
5663
5828
4880
6890
7514
9358
7851
5100
1133
3470
5333
1124
1290
7629
9573
102
1832
6665
4811
2277
7182
6911
4801
3411
4548
1426
215
2234
8639
2745
6464
703
6118
4157
1604
5834
3898
3272
3049
761
7650
4053
7973
4256
8258
2506
2042
4454
2078
6094
2649
7930
4402
4791
8413
2964
5793
7614
7863
1859
6052
9093
4014
9320
5599
3920
7935
9853
5495
7112
8837
1665
9336
8892
694
9941
8525
4091
3436
2955
7286
3143
6142
8397
3982
7936
5623
3210
8635
8971
4732
7853
2453
9818
5817
7422
1965
859
873
6324
922
177
7072
2562
3081
6675
9269
2912
5438
2278
2032
8547
204
2240
5113
7170
1059
5782
7451
6816
4757
321
4174
7278
3218
6101
6691
4365
7630
4775
1080
6881
8288
6265
7450
7929
3241
1918
1833
6808
7561
5094
1916
4624
8256
5331
2232
3692
8392
2510
9120
9810
8306
9343
9570
2642
1248
4933
3531
833
6173
9591
1828
8337
7947
2768
8004
9296
6582
1438
1132
3716
6087
3067
7237
8191
6591
3013
311
7860
1124
9227
7521
7682
1467
9544
6505
143
8236
9736
1319
4805
8463
6827
5647
9161
1402
1331
8986
1396
6874
6521
3400
8758
4743
9472
4131
3666
7648
3835
869
6117
2941
6090
3858
795
438
6577
3966
1304
742
153
4417
6644
2506
3044
8295
4032
2203
1336
6730
8434
3190
7035
4390
7258
9593
2467
7954
2122
8871
6514
5853
4193
3859
5312
3147
1365
2507
3778
3728
1152
4772
7114
6912
2849
3295
2635
1633
9601
6805
289
9605
7097
1839
7774
3018
1176
8025
1940
611
2122
6108
2586
7700
7489
3961
5260
7175
2993
6236
1969
7511
9535
958
5968
4032
631
4899
9682
4516
3778
813
7997
3171
5925
8727
6852
7221
6012
7448
6540
8096
2015
6092
8801
2649
7664
4091
7650
1348
942
889
2253
2604
6314
1970
6813
1958
3057
8544
1735
1077
1366
4460
3384
5718
612
7146
7658
1961
7531
9591
4136
5131
7182
6094
1011
2094
5472
8830
2216
4551
6561
4040
1718
7036
8748
3823
1393
6432
2240
2819
5552
7792
3760
2842
2427
7458
149
920
1575
5138
2171
7598
7657
6372
4380
286
2928
858
4915
4759
817
1135
3534
1216
7893
1008
5619
2774
5807
4386
566
7858
2396
6320
2418
9465
708
4681
6934
6586
1053
6434
2580
848
6188
1363
4138
7566
2397
3485
372
6483
4536
6867
9448
8037
7019
1663
4534
7611
268
3119
6610
9176
3320
3052
1906
644
6232
1767
4388
5631
1217
9378
2787
2614
646
9593
9269
1303
6951
7940
3058
2568
8549
1650
6550
7050
515
3563
4743
1903
3084
9207
8708
8438
8255
6831
3699
3002
6111
7299
5120
6099
8422
1225
3786
6582
5264
2295
2526
9284
208
2596
6481
6545
973
9545
7745
2862
4824
6916
1745
3565
429
3568
5412
9705
5419
7844
4909
7301
6032
5950
9738
7834
4725
1562
5273
2722
7704
1420
3831
2058
8303
6067
5224
6412
1338
7186
2633
8350
9624
4654
937
4543
4203
3048
6093
483
1918
2522
8648
453
668
5052
553
1969
1346
2119
3142
1874
5504
6272
4060
3868
3797
1837
6903
7180
8641
7077
1819
2339
2191
7750
7414
5568
4301
8650
3423
9371
3430
8975
826
7230
307
3883
5969
5225
7806
608
9263
6726
5499
8357
1811
4068
3593
6100
3285
2244
9251
6281
4741
4436
7182
2353
7877
931
7860
6442
5270
7623
6041
4772
3707
5888
6605
2854
2603
9604
5575
875
8015
8202
2390
3614
1201
8908
1230
6966
7914
1000
2868
6880
6830
9788
9729
7868
1839
3533
6205
2123
1580
9061
5832
5773
1465
2499
5037
1217
4226
3864
8534
4745
2547
4970
4646
7693
428
2020
1768
6338
1598
2664
2988
2856
4941
4581
3697
6158
973
5307
8218
9015
8355
3836
2851
2080
6583
7238
2142
7552
1399
4901
1270
3464
1853
3257
3638
3241
3183
9697
4535
2881
1924
4760
3184
5251
2506
1897
1088
1015
634
7865
5626
9902
2757
7273
6782
774
4493
6774
3939
5162
1530
1367
9619
2071
1132
1501
6199
3465
7530
5193
8163
3955
2420
6711
8411
9397
2355
6109
3166
1028
8783
953
4177
5099
6289
3729
860
8960
4058
1287
6748
2017
3655
4357
1885
5071
101
2489
865
4119
2712
4454
453
4787
6374
5966
5661
7793
1063
7419
1441
1160
2791
3265
3329
1273
7508
4352
3959
3868
2194
3996
1422
6005
5741
1820
4265
7929
1514
6083
4699
2687
2392
3666
6557
1315
8789
5787
4527
4904
4304
1245
7080
762
4595
5862
9300
6982
757
1404
5120
4249
7819
4269
6345
347
5568
5061
7589
3449
9676
3730
6849
7055
3941
6541
9916
4139
5995
1643
2852
4271
3774
6561
173
3882
8145
2285
5283
1099
5261
7984
8952
7421
6610
4065
5527
1638
7753
6689
6534
1823
6127
3468
6213
1137
7867
5977
1857
4407
9636
4977
8407
6143
3094
2641
2992
7959
7675
9015
1447
1331
4632
6620
3906
2799
1707
1487
2674
9566
7080
6028
5201
7684
8851
4669
8975
7317
4918
1189
5084
9230
7822
2839
8289
6940
5621
9015
2624
3078
5355
6383
4581
7169
4496
4417
4331
6262
5606
8761
2646
859
5353
6363
5485
2423
2226
1887
2208
5215
5811
6687
9679
6565
6647
2960
5624
2603
1141
6847
4630
1474
5270
9400
8325
5261
6096
7234
6758
1727
1640
3933
3326
8814
1701
6257
8856
6221
9064
1462
5441
9999
5708
2985
6747
4987
3939
4682
1475
2440
5434
1295
6123
4834
4433
1659
6242
5663
3355
5704
6544
4317
7884
1617
4996
3887
4780
4975
5815
4146
2540
7174
7148
7356
4734
5148
3994
7059
8533
5951
7589
546
2229
7699
116
8511
2249
6049
3278
461
4543
3172
5710
1504
244
5252
1508
9472
8138
5360
9344
2279
8753
4052
7056
4545
868
1999
3464
8563
9320
8947
9411
5522
990
6280
6135
5016
7769
5245
1486
6151
721
9879
9267
4528
3981
2886
6092
9493
1750
580
2802
9292
7780
1011
4983
3189
6417
1337
450
1130
9929
7764
4576
6345
6529
8757
3299
6030
2940
1417
1632
1425
3953
5958
4260
8127
4936
3960
1121
5748
3638
5518
2162
3395
5779
7942
6176
7725
5434
1656
2293
8208
7160
3248
4984
1654
5705
4389
1913
6652
2967
4024
6112
9719
1453
4210
8403
7682
2392
4157
7783
7275
9755
3343
4191
6067
3024
9246
9550
5508
5618
4341
6282
1927
7954
3409
4532
2936
8543
3274
4449
4525
3419
9741
1678
4557
6680
8816
1117
1190
8427
980
8660
2950
7673
1954
4525
2291
946
1425
8946
717
9065
5453
6007
3700
8002
7597
7211
6191
4839
7418
5755
8216
4571
8143
1985
2563
6983
2048
2862
5275
8265
6317
4881
4823
8271
4051
3785
6569
2705
2024
7604
2821
1101
9080
210
3979
2244
7428
6155
7976
115
5193
5539
120
9022
4808
7119
839
3327
8772
8304
2467
4210
8102
658
5362
5871
9869
8519
5886
6093
2789
6785
9335
7477
2524
1393
4699
3718
9472
4907
5465
9023
6781
2466
5800
8518
7250
5539
2879
9750
3952
5514
3544
7937
4220
7181
5239
3788
5587
7298
2382
1320
6220
7098
3522
4088
9595
8551
1072
4437
3492
2564
8060
5659
9317
864
3469
2881
1329
7491
1363
6140
9820
1074
2400
6759
9708
1230
5857
8316
6178
9390
6029
8987
5031
4492
6963
3293
1922
6183
4499
1786
7513
4188
7103
2806
7881
7412
4456
7907
3225
777
5582
5327
7253
7871
1772
9852
6751
2552
2476
5656
8277
4739
9343
2419
7313
5432
3600
2446
3083
1935
9422
608
5338
3801
5675
6046
2974
4036
7867
7517
7441
4448
6964
3052
4236
6000
1543
1032
5482
6914
706
4650
8271
4850
4255
6964
2122
6712
5837
1365
9749
3116
6789
703
3169
7366
6421
3790
8117
6900
1037
7791
7484
6040
6382
1299
5803
8207
3022
8870
8691
8742
6441
7733
8628
5647
1208
2942
9905
4292
7568
1186
3033
2946
7184
3951
4453
4463
7962
6934
6581
4733
5365
7187
6896
3817
3727
7985
9267
8459
4253
4306
2621
1700
6697
6469
9351
2773
2653
7952
3840
9391
7149
5985
1428
6183
5534
7452
3783
6835
7678
4512
4170
1290
1213
7170
6665
8714
1915
6109
5290
3332
2361
3001
1954
9417
609
5337
3802
3182
4010
7207
1119
2704
7876
3469
9410
4983
9855
5523
2820
3230
8577
2235
9912
9129
1614
4679
292
178
981
8376
5807
6843
232
4851
9161
5999
2143
1301
6483
545
2291
3948
7397
3657
7163
9458
7067
3075
4034
8601
1862
9825
2213
3257
1341
8825
3554
4755
4346
8215
5780
3787
816
3546
6098
6917
3518
7292
9835
2128
4992
9877
6233
7097
6899
8166
2177
8969
3476
1422
9765
543
6052
761
7257
8697
828
4766
775
1517
9412
8281
7693
8271
9985
8866
5812
2620
1424
1622
9234
6524
7199
2921
8012
4345
164
584
4842
9589
4531
7741
6337
1922
1898
8905
4464
8380
7528
5775
1000
1380
160
9368
1465
8376
7356
2503
5051
9381
5726
9011
9435
9483
5982
3381
8944
3519
5118
9317
1620
6111
1662
5057
9558
2662
2026
2252
4147
207
9622
1825
7161
5202
628
8370
429
6162
5904
4255
922
3955
3361
3517
4188
1547
176
676
4229
4884
2191
7552
2798
7426
5704
2795
2034
7643
4182
5704
1176
1213
5136
5048
4293
894
1950
5404
7745
3116
1839
2279
3532
9013
5989
6633
4501
2044
6486
7738
587
217
6280
6545
4591
5322
3712
6613
2662
262
1006
7605
729
1095
7091
6498
1183
7540
3653
2779
1422
1961
2922
9259
5164
1267
7713
5906
2380
6531
2269
1776
4266
2476
4126
4178
2195
9298
5848
1230
2345
2233
4904
6374
6437
8388
2625
4946
2972
4714
6657
956
3520
1666
8240
4891
8995
4262
5058
1969
6626
6978
5297
6925
1568
4572
1496
4637
9824
5445
4855
6298
5396
8446
2581
538
4741
9517
2431
6290
2170
1427
8493
5768
1101
1575
7354
5481
3671
6193
1857
5424
4312
3611
9073
4401
2791
5258
7756
1059
6564
5595
6570
9849
7966
279
8364
1266
3100
2321
6505
4840
4510
7520
4816
4517
3750
3779
1748
1052
1766
5285
4642
2148
2453
9755
9449
1705
9742
2023
5248
4199
7210
5507
2659
1968
1195
8514
7597
1032
6796
1929
7577
4223
3228
6033
4244
6133
2989
4301
4874
3285
3569
3556
6804
5194
6362
4405
5083
1821
6590
3586
2921
4602
8927
1232
5872
1190
3103
1517
7092
1342
8081
7307
1530
5794
2287
1384
8735
1235
2385
1824
4384
2303
9954
3705
6343
2823
2484
2957
1898
1822
8082
8409
4461
5049
1612
3699
6777
9564
3752
2824
6426
8839
1748
4351
5750
3011
5192
5283
4624
3179
5424
1913
6047
3987
8034
1334
8157
5989
2673
9789
6645
6223
4022
1747
5450
1289
9861
4053
7966
1905
1661
3737
5458
8790
3584
5818
5132
4429
2653
5476
8990
7436
5864
7051
8358
3423
9576
3732
9873
5056
7960
9297
7715
2318
5195
5930
7374
3055
5941
7080
6437
9352
870
2574
6332
3102
1467
6881
6171
6905
737
8037
8078
9923
6056
6593
3323
1908
7146
7965
8588
2475
3104
5364
2915
5265
9083
1439
6955
5995
9937
8248
8816
3039
5936
3752
3051
9395
2014
6947
2886
1682
5756
2089
2254
2456
7457
6821
8770
9738
4223
8756
2570
8945
6685
9991
2423
6087
4566
3680
8068
6861
4219
5482
1994
1208
2785
3545
8400
7590
1500
7095
2506
3026
6260
6168
4146
7018
7558
7543
7802
4457
1354
8063
2106
1610
5858
9637
6689
1643
9995
2821
7621
1082
4828
6630
7579
8323
3576
8971
4681
7855
5514
9540
7293
1535
1728
9711
9644
9708
7229
5033
6938
4646
2695
8604
6642
7322
2793
3402
5002
2056
4594
8374
1203
6405
5346
9497
7842
8432
2771
5550
2809
8402
6881
2421
4259
6284
7391
710
5188
2130
8992
7664
4087
2009
5997
3946
8386
4841
3544
1047
1830
2951
7522
4727
5385
1628
7564
2612
4919
5221
2455
8162
7659
302
1309
4904
9211
5411
5723
7886
6031
6609
8313
2741
8138
5298
4549
567
2068
6474
4957
4739
9676
322
825
4826
5716
2589
742
4778
8793
1111
5042
5958
5048
2436
566
2422
9295
2185
2176
8063
8057
7262
789
6681
1068
3712
4090
8230
7793
6115
3974
167
6732
4784
4554
5381
3143
4697
2676
4719
6659
2833
9237
1524
8516
7402
5408
178
6474
4029
7712
4700
6651
1695
4541
2535
8093
6169
4916
2224
1939
3803
9857
8708
3455
7055
5786
1434
1669
1151
6334
1756
8527
5018
6571
7732
7722
5618
4820
6169
3023
8531
1315
3311
3207
8140
7326
6829
5004
1904
1718
6440
7824
2025
3226
6133
5785
7183
5462
3746
1801
8918
2269
6673
1891
6944
2424
6465
1573
9201
8132
3430
9140
5463
4912
326
1401
8781
2507
2412
8697
2074
7399
781
5496
5756
2021
2811
7096
8903
1000
390
7476
3855
8528
4200
4436
6483
2700
5515
9586
8949
9381
8269
3859
5986
285
6526
4395
5118
6230
2110
9049
4928
6503
2609
351
2903
2839
2675
9767
8864
1954
6943
7703
1574
6865
2906
7508
6677
3863
7213
5443
6835
7543
4644
6000
5877
1050
3975
3836
2031
207
7816
8837
4922
4651
5850
6089
3239
2477
410
9082
1425
7638
1982
6267
7296
2452
1703
4255
8498
4168
6288
8460
609
826
9941
5711
1884
4672
4826
4039
8920
1099
1731
4381
7845
1094
3264
1198
2574
8081
2678
9379
3660
3570
347
3955
8263
4745
8724
3482
3862
4887
5131
9100
5838
5530
2546
8000
7042
8016
5162
6537
6060
3632
8314
8464
4282
4703
3063
7338
131
2124
8884
3919
5826
5768
6589
7731
2258
748
3172
3700
2979
834
9300
8781
2014
1043
4093
6134
6410
1792
6736
5169
2199
1977
2102
7570
8248
9811
1533
6327
5451
2854
6242
9895
9781
6215
8746
5652
3328
7010
3972
846
254
3652
4953
1829
2559
1466
6646
7772
8738
3094
2276
451
551
5309
4467
1844
6710
771
8429
8740
1513
8021
2053
3093
8984
9472
8523
5965
5051
7167
8686
2624
8146
8051
6094
2520
6525
3595
5514
2071
8552
5306
5911
8244
8370
8950
9963
1641
5544
3119
8665
559
1173
3254
1983
7205
2986
8087
1791
5506
9859
8351
9138
6891
4927
3260
5149
7457
3646
9775
6190
4233
5814
3730
9268
5623
1257
8607
2067
2327
7940
723
1808
1982
3210
3061
8091
5042
6168
1060
1393
8024
4017
2340
563
8148
7906
8362
7159
5858
3525
1918
835
2143
5353
1661
4825
1797
4751
3498
8563
3642
3335
3200
3713
4588
3580
9082
3313
2733
2755
5975
1372
5676
2208
8255
6674
618
1996
3538
9944
3625
3443
4134
5101
2800
4008
1580
5517
1449
2196
3981
4930
7286
3264
6859
3424
1037
2541
8948
1487
4638
6870
3939
7448
5424
1918
2239
4988
7718
6386
5615
4344
7543
1673
8740
7363
2838
6752
8490
2453
2072
9374
6401
5687
6813
1873
6185
5731
4858
1085
1302
2636
8806
1108
6547
5847
6567
7175
3232
4980
4427
7676
5245
5086
4014
2585
1954
3765
4794
7876
3868
8186
7571
4890
8456
2976
1710
7272
4746
5063
5330
6524
1204
6329
4237
1509
1892
9241
9050
3191
2906
6345
5165
1616
4330
1664
3812
2377
3033
1793
2039
3819
5793
2250
1277
4513
1592
9196
3340
7676
1760
7455
629
8596
8599
3615
760
4154
5662
5481
3182
7385
4761
6236
4765
4896
3762
1360
621
9377
257
4133
280
1846
6940
8776
2909
6424
7347
6311
9576
789
1709
1792
7779
6682
8405
4022
2864
3919
1376
8391
2559
2361
1238
8170
5778
6289
6766
867
4384
1205
5548
2574
8606
1049
7871
2297
3172
9852
7254
2152
2257
4066
2565
5816
243
7224
7284
5559
5202
454
5402
2744
4746
3523
3005
8901
3550
5665
3992
5200
1975
5552
6561
2303
8820
3369
6485
9811
7479
2618
3278
2560
4050
8108
6284
600
6485
8133
4920
5433
5925
3615
2622
3111
8241
3022
5688
7668
704
7403
8797
9836
4012
1351
1292
3966
4672
4795
9434
1791
8188
3166
2374
9701
2262
2306
9422
8266
8145
4812
5019
6882
5353
2399
1408
5695
2300
9361
683
5217
3012
2276
7269
9799
3958
1266
200
8365
5277
8005
3142
2759
6626
5462
4415
3962
6415
5048
5597
7787
1880
8134
1619
8999
260
1414
7455
9476
5126
3297
848
1105
7406
6518
4499
1886
375
247
6416
7933
4940
7617
6433
6641
7146
2577
266
8372
2162
8579
6193
376
7070
7626
3157
3856
943
4143
5466
6814
1896
8651
3242
5058
3425
293
5365
656
7049
8966
1427
3173
2712
1530
2369
7919
3695
3835
1803
2536
4207
4288
7839
1847
6218
3486
1419
2233
6144
5000
5367
4804
1495
5967
3309
4362
6789
8827
2108
8949
1205
4961
7235
5571
3632
4272
5248
5496
2389
6742
5789
9674
818
8136
3919
8697
7243
989
6975
9685
5425
1718
844
323
1405
4329
3381
2712
6730
1221
2785
3207
3251
8855
2105
7124
6581
2224
9153
4875
2798
2975
4255
5415
3772
4165
4354
6313
4788
9347
8461
4762
4722
7880
9613
1712
1483
1202
1742
7588
2528
4648
9979
6752
2005
7286
3108
6245
3981
1953
5892
1133
5867
8143
1912
6207
1670
1013
9750
8483
1231
9261
2633
2567
3932
2051
1268
4394
4901
5351
8185
6090
6005
7268
1466
7907
5714
7913
6318
5164
7395
6821
5689
4596
1805
4186
2139
4052
9753
5595
4694
6744
1862
995
4777
2704
2166
6938
5791
4740
7080
8390
2706
6882
4663
3080
8272
6766
5812
6901
3748
1164
7236
2278
3058
1545
3479
1491
1149
3633
2696
2646
1696
9315
1685
2847
4198
1338
3178
7540
3425
9313
9644
4680
1383
8844
6881
5292
3887
2099
2042
7438
1373
7980
1899
6344
2539
8921
4645
5199
4419
8868
1485
8919
1882
3781
6671
3507
4697
5395
1220
1641
3695
1160
9756
5301
1305
2132
2230
1680
2559
7613
5994
1235
6827
5146
4706
2821
2693
7882
6006
1085
7946
495
7167
6326
4330
7525
5586
6560
4221
3679
226
333
5176
4855
8092
8364
1963
2509
4853
9130
2944
7147
6178
7665
5698
4858
5191
459
2712
9482
3951
6721
6753
5634
156
247
7748
4662
7682
4377
7588
3236
8602
2339
3077
5853
3039
7506
5470
6121
8491
9418
2663
3466
4052
621
8798
4847
7728
5882
8147
6115
566
8878
1738
8096
2775
7668
7716
3476
4989
342
9602
4648
3208
2608
5608
2817
5095
7437
5897
9388
8060
196
9633
9067
7357
969
7170
391
543
654
9074
7908
2169
4169
3709
5406
613
2544
5242
999
1460
7047
5455
6322
7039
2283
8724
773
4798
3406
9165
1573
3929
3026
9645
2125
2221
6832
8598
2492
7366
8470
5728
7672
8437
9762
3914
9738
441
3177
6276
8676
7336
3259
4925
4483
5465
9371
5512
4866
9320
1492
1053
9287
7838
3101
2725
2812
7521
8528
6021
6273
1458
2323
8051
9735
2983
6307
2461
7921
9289
7785
2005
3688
5153
6812
8764
6961
8067
3166
6567
1010
2415
4730
1058
6865
1647
4161
4221
2840
3199
6484
6389
5992
2645
3587
4107
7849
2698
4191
4989
7106
4483
2627
5412
7102
5797
4267
4976
4153
943
5307
1710
6235
2889
7387
2523
6096
6142
6730
5108
6883
1320
1969
7053
7168
9126
1647
7056
1891
5288
4694
7800
8184
8519
6119
6318
2286
3105
1336
1904
5644
5743
2887
5682
5389
7590
4635
4055
8501
6071
5148
3883
7861
7187
7934
4838
2819
4190
5727
1015
5305
3459
2402
5622
4774
6074
7932
7634
5147
5187
6042
1929
6558
2426
4871
7676
7270
5249
5186
1062
6766
7875
5286
7074
7324
1655
1931
7440
1650
6120
5477
1360
5818
1387
4286
7415
9419
5334
6252
2714
2030
2350
5490
2301
3780
2198
1500
2038
7515
6508
3742
3710
6841
1864
1991
6039
4160
9277
7274
385
2961
2061
7297
3179
1756
6429
5437
6745
8487
2572
6321
2668
6798
1518
7445
8765
3730
5727
5369
2665
7607
6287
1746
4606
4699
7856
1619
4104
2464
1694
9576
3416
647
5190
8080
9622
3410
1705
4346
4312
3849
4618
5600
3502
5654
2901
2274
1259
3405
8601
4892
8490
7504
2114
5387
6643
4786
6996
4301
2132
5734
8368
2015
4685
2682
4964
3882
5537
7138
6181
2856
4038
9046
3499
6248
7329
5781
8119
6465
6526
4856
6568
1967
5726
1513
7115
4251
1251
7047
2201
1850
2975
3787
4900
2068
4492
4714
1901
4007
8461
9256
4566
5626
1406
2192
8998
6724
2474
2888
5737
1610
4090
8065
2150
7863
2431
8895
5378
8503
8270
2579
2829
6092
2832
9336
8773
3762
1190
9641
6401
4758
7185
6736
4515
4661
2368
2683
4797
9492
3397
5644
7359
743
6481
8418
8404
8517
6447
491
4713
7566
3559
3168
5916
5305
8842
4069
9074
4557
8991
4071
4006
8931
8161
4628
5766
724
5956
602
3175
5329
5636
6232
7453
2122
9201
2257
150
6721
7339
1014
3328
5338
4015
9930
7861
5524
9675
6353
2303
5264
7885
3015
3880
7702
6314
1300
3652
5335
2917
4353
3865
5276
1480
6974
5804
8210
1678
8148
2692
6976
4112
8918
6805
8758
9057
8643
2991
1595
3237
4228
8703
6010
3975
8400
2321
2445
7278
1387
9240
6011
1980
2273
1207
5350
7514
3226
2532
5257
1636
4665
3682
5861
3728
3483
1953
3713
3837
4224
6435
2269
3703
1083
6851
8895
4252
6486
4676
3221
7053
6024
7130
6522
7083
2786
6834
5980
4561
5190
1042
1328
6190
6177
235
3750
2373
7370
4519
1338
8055
6731
9273
4162
1663
7977
5069
4166
9412
9132
1174
7169
6651
2051
2988
9607
457
2697
710
8815
5952
1969
8206
9593
6454
3610
1303
2881
840
2106
9595
8506
6626
8920
1843
8473
8555
1298
1194
2754
7953
5746
1954
8173
4444
8012
7893
6122
6165
7374
4169
9277
6413
5766
2942
6645
2962
8473
6863
2206
9506
2703
7017
4065
8620
7575
7093
4099
1413
6602
6358
3543
9446
5984
848
7539
4140
6756
7076
9556
2817
2456
4303
9897
2326
7525
1023
5987
5822
7183
4268
4555
2425
4135
5868
2927
8740
5515
5609
6364
5776
321
9779
3232
9001
8331
286
8814
5488
978
7348
6769
3582
3792
8663
6453
1116
4166
5777
201
6748
6826
4309
643
4240
4872
5985
8507
1253
3861
4802
4288
8349
2099
3198
888
3989
236
9691
1378
3370
1239
2482
2034
7568
4193
6987
6784
872
833
2906
4420
1969
2776
7040
4208
5389
5975
1855
3505
4446
4153
7909
2660
6754
6210
1375
2910
4802
3873
7235
1023
990
533
4542
1375
3726
7784
4727
6958
9237
9808
3425
151
676
5164
9622
437
7329
8752
7497
7909
8775
5746
249
5975
1116
9787
9844
1668
2652
2997
5679
7538
4290
6915
3834
8204
730
1809
7821
6517
7147
800
7082
5588
2813
4003
7066
7035
8186
511
5356
1086
1608
8742
7240
1310
3312
6458
9767
2758
7488
5763
4303
7296
4418
7745
1322
2575
3296
8763
2621
7138
5761
1262
2036
2613
5891
4825
9934
5588
9880
5361
7344
5453
3843
2784
9490
3891
4638
3762
1149
8641
5611
7351
2314
6611
3582
3548
5314
1771
246
769
889
4980
2755
1957
4169
5154
2471
6193
3672
3957
1680
4720
8656
143
8571
158
1922
8718
7126
7900
2845
2359
4781
7271
1183
1885
6327
2331
393
1057
5978
3995
5200
1167
1445
2401
7588
3510
5074
8933
9311
6902
8348
3235
1449
9657
6057
3020
5987
4445
6977
8353
1832
4193
9466
6835
3690
7076
8674
7431
1246
7060
8564
8353
8559
7264
9548
6810
8958
6052
7986
9261
5121
8730
8985
6579
9386
5357
5384
2526
6934
7202
2859
3183
6325
3853
5680
390
4165
7123
3402
9742
2001
6071
2206
9308
6230
7552
7598
1057
517
5946
1121
6191
9528
5152
9406
2595
6008
9425
3153
4538
8166
6149
9480
1607
9390
6174
9327
3370
5456
1084
4063
7961
4358
5733
1964
4782
1129
5540
8000
5276
4688
4539
4889
5229
4912
3390
2061
3394
1695
1450
2924
8296
2985
8191
9040
5980
3714
9479
7626
6754
8197
2402
2208
1859
2937
1100
575
8467
6380
8294
2004
1255
6537
8926
515
4164
9227
3003
9728
439
6058
4479
7431
7371
5862
6705
6879
1091
9496
6439
5971
2853
4796
3886
3477
1000
6756
7360
4333
9754
6061
4156
790
3259
4948
4018
1127
836
9943
624
8475
2464
2430
6485
6447
3994
1186
2913
8009
8386
7567
775
2477
6194
4738
6359
1922
8447
6749
2495
3563
5366
1046
3182
6171
7343
3200
563
7502
8245
5071
8202
4536
1567
1796
4104
2858
7286
7960
6550
1875
3626
8006
1080
6672
6849
8225
4397
7137
5302
5440
6321
6157
8446
1706
1898
9627
2704
7883
1953
5417
7903
306
4463
7747
2121
2065
6758
3746
1522
2324
1290
8677
4429
539
3875
1776
4830
7733
8025
5940
6030
3988
4020
7142
3882
1266
1572
5735
3637
1357
3830
8940
3686
4077
5006
7152
9407
8389
1519
8948
7880
3339
1062
3990
3453
6333
4018
9589
3537
2698
9417
869
9958
1997
8603
1247
2801
4264
5392
7153
6486
1772
9110
7589
4117
1272
7972
7842
6996
7102
1991
5944
8998
1452
4397
5788
2447
7774
4658
7589
5318
7637
7556
3972
6664
6416
8405
5550
7796
1589
5120
4994
3264
5240
7831
973
6081
4678
5827
1980
5226
3367
2945
3273
5114
875
6408
6365
9593
8032
9571
8169
2734
8982
3375
4785
1010
7666
2409
3449
9688
9412
9008
2856
2604
4989
8209
515
8281
6751
8387
534
995
9425
9845
5794
8543
5059
6407
9695
9841
6957
6247
6533
8104
5528
8642
9272
6897
5584
5185
5938
4216
3782
1558
9391
2384
4885
8117
1704
5532
7418
8029
9036
4237
2010
2842
5210
9369
510
5043
8861
9416
4470
3105
3091
7620
8314
4789
5641
3226
8260
6272
7847
2981
2414
5596
8448
1678
9037
7012
3488
8811
4991
3108
2815
5237
7169
3294
6837
8812
7891
1517
4384
8115
3545
8478
8273
6277
5225
7221
6344
7860
7572
8455
2690
6099
7203
2461
6513
4607
3612
3991
5599
3086
7196
6356
9262
8060
5321
4568
2683
9564
6062
4469
7618
6921
7834
1758
2571
1959
2808
4136
3601
5340
5771
8238
1914
6113
6412
7042
4804
6856
6586
2463
5400
2989
2319
3574
6473
5143
9385
6153
4433
5327
6896
5473
1832
3122
9418
5961
7850
9261
3695
2720
8919
7066
4081
5975
8787
4813
8728
6016
3761
2586
9361
7782
8621
1431
2188
5478
1537
1150
6854
7683
1334
3657
1207
6226
4180
9487
8764
1160
9677
4336
7123
9761
7026
9905
4823
1757
1737
2003
5735
1855
3551
1716
6909
8968
7845
6535
9395
2018
8884
1555
8466
3915
2008
2332
6518
6765
1693
1267
8540
496
1363
3703
3459
3070
3112
6785
4969
4182
392
5269
8752
4955
8977
5735
4068
7422
7928
975
890
1804
4939
5568
4312
3575
6184
1796
2987
615
4029
3635
9581
3956
1719
6717
1271
5034
7146
1021
6953
7265
5866
1504
8688
5033
7240
6767
906
8330
5042
7884
5440
4484
4169
667
9078
9792
950
2076
2762
1703
9217
5441
7735
5281
1678
8860
2740
8973
7398
962
8480
4342
9254
6158
9115
3499
694
2653
6041
4281
1202
5527
7432
6652
7094
7946
1254
2704
9746
3197
6163
6339
6078
7640
8799
1158
1869
8575
8616
8977
3190
218
1237
5690
1563
6686
4252
8194
1535
6498
5638
5084
9573
7487
6517
8438
4845
4508
5605
7883
8014
1365
4299
8439
4094
940
6451
1958
6993
5659
7853
1694
2666
7135
9642
2595
1242
6180
6851
6760
9149
2836
4976
6915
3757
1728
5680
3758
7742
2082
7930
5127
3865
275
7081
2924
2980
9379
9702
5018
3907
6347
6668
2680
8199
2051
1456
8072
4140
5140
3142
2093
6689
3825
1367
5272
3601
2574
7918
1694
7909
2415
1838
7292
3371
1977
6708
2134
8180
7377
4093
4334
1648
3928
1891
2985
3901
3615
5866
3729
5639
2922
3263
4225
5468
6292
1816
6646
4402
1390
4999
6660
2080
3849
6189
6866
4023
7701
3403
6153
5997
1949
7647
2178
9835
7730
5277
7323
5001
6169
7353
7364
5056
7455
1130
9237
1754
4364
6997
2871
2937
1304
6782
1110
8426
5282
8192
7797
2039
2104
6023
5844
3440
3832
2100
7498
6817
1907
9160
6454
2368
4233
4048
2878
6288
1716
3877
3270
5871
5015
7339
1485
4304
1559
7149
5526
6379
6182
6250
4337
5209
1856
8415
8362
2791
3641
6296
5602
3948
1868
6040
873
1962
1948
4788
5949
8797
4125
7734
5720
2908
2161
6453
5654
1826
9704
4878
7982
5029
5345
1284
7399
8730
2053
9008
1190
4891
4982
7265
3778
3332
8320
8177
5571
799
9729
6131
2729
6750
4654
7800
5682
1344
8301
9836
4978
6421
5483
892
1006
7795
9625
3736
9486
8783
4987
3735
7565
2442
7189
2274
1445
5318
8736
2613
2273
1563
4392
8047
7497
6189
8355
7474
3036
3393
3990
1591
5553
3492
5917
4903
5668
3320
9005
4335
6096
1585
8136
7281
5819
6949
5387
2868
2281
4943
7983
9088
4169
8129
8809
7979
3489
6689
7473
6394
6698
5775
4283
7561
2475
5187
5891
3192
1580
8637
8141
2181
5175
4467
6698
8877
6843
9517
6300
6284
2965
6154
1413
7460
6357
5029
4592
3984
9049
1225
5605
4086
5146
7235
1451
2684
6330
3963
8199
4633
7260
4230
6986
5008
9473
4298
2371
7911
7011
1610
3018
5227
9572
1286
1223
9018
2126
5098
3475
6689
7800
4899
6223
2480
1922
1700
5024
5865
9197
3454
6245
4039
4637
4675
8671
1287
8119
1874
3321
910
4119
5653
6500
9386
2799
8855
7975
3327
4403
5017
7915
8366
2959
5635
4747
5977
3743
5894
1410
6861
5187
3910
2735
3611
4930
6825
2164
1839
1731
9196
3437
7801
8514
5691
1716
7633
2201
5840
1324
8291
7893
6499
3896
7731
3826
1241
5254
6571
4909
3517
2190
5840
2869
1162
1326
5190
7992
2292
5165
1562
4950
2278
5468
1388
1825
2857
4569
9357
2384
7373
6060
7521
2247
6263
5826
5796
1388
4565
1363
2182
1449
7411
6798
3381
7453
2964
9508
1117
4032
2383
8901
8943
2285
7183
3315
2571
1024
5077
8073
5271
1160
4042
6390
4290
4664
9725
5831
8294
9283
1727
8574
4729
2546
9236
468
2953
9737
6134
7206
722
706
7787
6691
7508
7819
5158
3866
2691
8493
1535
7855
8113
133
6490
721
8116
5555
8289
8227
6798
5919
1873
7395
2153
1267
7741
3541
7212
251
9116
2197
6319
1041
347
3004
7960
4523
9918
7558
1876
6353
4858
5218
1370
4544
6796
4012
2934
9479
3638
7254
3597
7849
4987
2432
6383
8457
731
1425
3949
5135
2820
4863
3184
8836
7537
8315
2590
6529
4682
9546
702
4828
3889
1626
7437
8474
6017
3966
7232
2811
7872
9496
3954
8943
2489
3381
5004
1464
5295
5011
8938
5244
3411
3281
4671
3347
5442
4262
2138
3778
5367
5938
3028
3326
3585
9598
1387
1405
6837
4957
7252
2249
8482
1402
6457
5034
5403
3204
8120
7047
8610
1619
2835
3694
2967
7657
1323
2501
8328
9983
4957
9012
4404
8265
7846
1751
6689
8424
4438
8085
1579
8410
1391
4934
3024
1141
318
4861
2428
8173
5314
6407
5126
3845
574
2566
6805
5245
7841
8319
2282
6819
6830
4534
6728
7198
5678
7945
9663
7652
1937
7263
5047
9451
6263
1341
9487
391
5260
1742
7919
6621
7979
4791
1141
7448
1667
6257
1993
1923
2021
8337
9955
7940
9105
576
2579
6775
1708
3663
2902
4455
1890
2904
3916
2818
5054
4466
3816
5551
2276
4650
1295
7834
1086
3812
3271
6323
2598
647
5226
8455
5866
7419
4674
8538
2340
5629
3867
2007
8811
2334
6830
4711
1494
5176
8764
5860
5086
3366
2975
9070
4289
1252
6491
7761
3423
8469
2403
5992
2547
2007
6199
1385
1212
6127
3197
4111
1718
4839
2252
3456
7840
8434
7882
5469
2950
2369
7439
6779
6110
6302
8104
3356
6267
5526
4307
7697
1701
6844
6738
7246
4532
4715
4462
1880
3289
1303
2159
5551
5502
6134
8260
2528
5260
6132
9216
2069
3655
3087
3592
4538
5996
7971
6989
4751
4901
7924
3692
9809
5646
6669
2568
9443
9377
8812
2377
913
1771
3141
4952
1429
3010
2818
3220
685
7421
2521
7806
1181
3278
7151
8837
6826
8476
6047
5498
3055
4343
1375
3041
8329
5428
6825
1105
8834
6955
6579
4681
1693
8840
6796
8215
8165
6791
2716
2874
2096
7291
4712
1552
7976
6566
1676
3406
5254
5284
9048
9458
6960
6796
4657
9750
3743
7319
8124
2878
3550
6346
3833
9314
2559
8040
9965
2946
625
2869
6327
6349
6166
8918
9199
7380
9487
6229
4586
7816
5565
3734
4947
9340
6008
1605
5002
1100
4668
9765
1936
5767
2381
3903
2649
5920
8352
6245
1459
7639
2606
4839
7966
1629
1489
3119
3106
8741
3954
5173
2524
9847
8279
6663
8791
6157
1078
5483
8818
529
5357
1717
7849
7726
8734
7842
9115
6471
7761
7829
5984
8810
549
9478
6581
8467
121
564
5397
6734
3443
5228
4070
1035
4769
2465
4551
5362
9229
9822
7723
1187
6840
8447
1846
9164
9642
2763
3042
5447
9076
5499
4164
6002
8332
1519
3648
8560
3004
3723
6252
5462
5006
6822
4998
6425
1325
3043
7619
7337
5491
7541
7692
6489
9942
8629
261
2177
4575
6663
2700
3922
8982
5125
6931
6057
7421
4582
1218
6816
1839
5952
7905
1205
3680
6731
1637
3247
5537
3272
5789
9931
9078
6624
6949
9585
5256
5968
5050
5065
2306
9249
5867
5402
8109
5821
8486
4484
9944
9546
7362
3889
2090
4457
5027
1603
3511
5301
5878
7778
7958
8953
8342
7769
2166
1106
2281
8991
9649
1885
4088
9584
4934
4811
9112
2842
1703
3769
439
1988
8707
1699
963
4783
2982
7787
6989
5555
380
6492
9074
5729
3249
3323
8983
7028
2184
2352
4729
4828
6860
7309
9132
2727
4546
5036
4962
6249
3583
4514
8471
8294
4372
1059
5393
3299
7268
2396
3040
8976
2630
2018
8593
5822
752
3966
7581
5744
8822
2109
2427
7451
6103
7950
1011
5156
3044
8351
6468
2456
5274
4065
5102
854
8366
1238
2582
7299
7459
4845
8953
2322
9701
9093
8685
5340
701
2242
1998
3555
7971
5981
2008
881
6363
1562
1738
3999
8039
4499
6469
6325
1471
5363
1423
2938
3071
5491
6792
7563
7215
7683
2088
9079
9665
5713
1964
6736
8401
6192
2736
4725
2520
6432
5512
7429
8495
3090
3997
2496
4805
3415
7738
2218
7990
9074
5448
6342
3391
3624
1976
5259
1183
4346
3354
3328
1111
2238
6170
5178
5614
2912
6806
3528
2445
9910
9837
4614
814
2793
3893
1650
5772
1077
1629
5672
7098
5089
1714
7218
2006
3349
2041
3358
7169
7640
486
4936
9761
8916
3964
2482
610
693
8624
5627
242
7781
2435
7281
5150
8851
4949
3537
3472
6231
9768
1778
768
5093
4285
8842
8254
4641
4213
3107
7298
2027
5045
9014
7029
7386
2972
854
8146
9695
7788
6611
6498
294
5709
5286
628
7974
3046
2640
4908
3163
4709
4740
8533
9524
2675
2546
6862
5283
7538
1021
2109
1214
9050
1235
1303
2081
5062
9925
2734
1435
8092
8112
7655
2564
4170
6603
2062
5061
3887
2020
6094
2899
7964
9982
3275
3710
1599
7381
1671
6781
2429
6529
2120
9389
6956
5466
2003
4830
7989
5392
7999
2288
4672
6630
808
3351
8604
3263
5213
2283
7072
1994
2724
7309
7482
3464
3186
5085
8788
5658
6167
3941
2273
2554
8443
2800
8025
3748
4222
9496
5059
4694
6168
9979
3385
1075
1294
922
1744
1017
3882
667
4019
5974
7401
9297
840
5313
2135
7480
4338
7150
2376
7379
7135
2378
380
3446
6040
980
6109
8842
6188
9540
4827
1868
5646
9989
3711
3492
6902
3659
223
8715
2322
9137
7864
6163
6764
7015
5801
3203
6176
4370
2267
3695
596
5778
3837
1744
8285
1339
5560
8154
4814
6798
3106
7765
4434
3834
1126
7116
6850
1640
7068
1655
868
1534
9236
766
7323
4942
4451
9924
8827
515
5011
8360
7882
6703
6042
9845
7666
6058
3330
7686
8464
8121
3265
5670
3323
2359
9978
8300
7815
8567
479
7700
7581
6079
4385
6654
376
9942
7512
8060
8818
1156
8494
4930
9840
1341
5686
5124
8180
5691
4032
8489
9664
1540
5418
3931
4970
1656
9592
9532
3360
8970
5966
3790
6559
8037
410
7905
2500
912
6090
2262
6366
4081
6593
162
6193
9214
8901
833
6240
5829
9150
4146
5977
5281
8967
2484
3551
1929
6091
4720
2387
8631
9879
2921
4100
7923
6014
8779
1868
6344
8676
5493
9202
6464
1894
3169
8539
7674
9445
3385
8986
8027
2321
9960
5639
5503
7010
9679
771
8143
8338
7307
4140
6570
7095
2162
3862
4071
5048
2087
572
6120
2894
8072
815
6544
4195
4427
8284
3858
4132
6546
4208
2415
1357
3797
5968
1385
4010
6869
3517
8074
9113
8385
2144
949
4197
2704
7932
1281
1198
1002
5920
7803
2631
8427
8327
9483
7425
592
7895
1300
2803
4826
9546
5704
8965
5508
2645
8318
1034
1242
6205
8718
5093
9881
4187
2951
3172
5912
2242
4097
7744
3086
8152
4928
2410
9281
7652
9488
4604
9374
2618
2016
6224
7871
5164
5432
109
4396
5197
4655
7149
8855
4779
8944
3098
6030
329
322
5075
9097
3624
941
3211
4432
7132
2385
6489
2973
1816
9034
9057
861
991
7518
2526
5493
1467
1727
2950
1961
8396
242
4634
2233
5018
7145
8160
5048
6358
7025
5866
3203
8788
6681
7981
4380
6277
946
7270
4940
5980
4344
3715
5080
7973
2607
1799
4735
452
5815
6344
8722
7576
2877
5444
9356
5657
2636
148
6250
8076
6377
1745
2005
7055
6825
8353
1403
5833
7891
8318
5272
1726
276
7022
4513
2928
7082
6044
9309
968
2192
3467
5183
3556
2926
4809
7569
8407
1489
9654
9088
6435
9852
5645
9417
8263
6990
5682
7139
3931
8704
5903
1729
7048
2915
1096
2082
1126
4840
7504
953
584
3354
1686
4615
2635
2550
2764
5501
7685
7051
2696
1416
1543
6505
2006
1043
6802
8150
5673
4998
8064
8797
5045
2172
5492
2790
4821
8761
5959
3393
5503
4919
9928
7475
2612
5006
2636
3078
6621
8232
2511
4052
1530
3789
1946
7456
5471
1514
1502
9225
4488
4491
642
8359
3369
1042
9811
1769
5192
2650
1048
986
8702
120
5719
8616
1611
151
6325
1673
2352
7359
6768
8574
1637
7396
361
1998
5230
2773
7308
8611
3155
4721
5400
7795
2876
2932
1897
6464
7408
542
3165
8938
1495
1892
359
5709
2545
2661
9834
9155
3302
9712
7651
7214
7243
1584
5257
5505
2783
8420
7290
5737
3283
1350
7598
6073
7706
2782
9562
2684
4313
6467
2672
3097
6695
9310
8172
5921
4468
8373
2664
4623
7360
6368
1645
7551
7747
5303
3991
5355
1893
5725
8375
8193
8747
9922
6837
9759
5890
1464
2069
1565
3774
6332
6009
4858
3159
1514
8975
2240
4097
4545
6857
280
4768
3424
8286
3281
1728
3090
4830
8386
3064
6895
7530
3166
4184
3534
7767
4820
4044
1130
8676
6195
378
3098
8256
1697
569
5199
9813
7879
305
6253
1704
1904
4340
327
5601
4498
5708
7326
8408
2661
8431
3531
265
5185
1190
8132
286
2415
6647
4728
4070
3148
6724
1698
7075
7067
8367
2005
2916
1252
1103
1572
852
6360
4363
7923
5166
4894
8057
1984
2446
7411
6470
1899
5201
2407
4024
4064
3335
7094
2461
3977
4015
1113
1693
5448
3025
8086
7953
7821
5026
2688
8673
1368
5376
2978
6559
9279
3819
8614
3873
2326
7929
1315
1300
1193
3294
5236
3432
4737
4177
1346
9626
5505
4869
6929
4175
363
1990
2488
6399
6589
5516
4647
9305
7896
4153
1776
4877
3128
7028
2752
5109
9112
1615
7525
7607
6804
3597
7855
8774
8665
6191
1926
3697
5329
3250
4583
5754
5719
1616
7462
1155
3814
8807
1722
9039
4198
1223
8856
883
528
1841
3980
7610
8813
9943
1152
